-2.304779E+04   
-2.320322E+04   
-2.334511E+04   
-2.347335E+04   
-2.358783E+04   
-2.368844E+04   
-2.377512E+04   
-2.384777E+04   
-2.390634E+04   
-2.395079E+04   
-2.398107E+04   
-2.399716E+04   
-2.399904E+04   
-2.398672E+04   
-2.396020E+04   
-2.391951E+04   
-2.386468E+04   
-2.379576E+04   
-2.371280E+04   
-2.361587E+04   
-2.350507E+04   
-2.338047E+04   
-2.324218E+04   
-2.309033E+04   
-2.292504E+04   
-2.274644E+04   
-2.255470E+04   
-2.234996E+04   
-2.213241E+04   
-2.190223E+04   
-2.165961E+04   
-2.140476E+04   
-2.113789E+04   
-2.085923E+04   
-2.056902E+04   
-2.026749E+04   
-1.995492E+04   
-1.963155E+04   
-1.929767E+04   
-1.895356E+04   
-1.859951E+04   
-1.823582E+04   
-1.786280E+04   
-1.748076E+04   
-1.709002E+04   
-1.669093E+04   
-1.628381E+04   
-1.586900E+04   
-1.544686E+04   
-1.501775E+04   
-1.458201E+04   
-1.414003E+04   
-1.369215E+04   
-1.323877E+04   
-1.278025E+04   
-1.231698E+04   
-1.184934E+04   
-1.137770E+04   
-1.090247E+04   
-1.042401E+04   
-9.942731E+03   
-9.459007E+03   
-8.973228E+03   
-8.485779E+03   
-7.997045E+03   
-7.507407E+03   
-7.017245E+03   
-6.526935E+03   
-6.036849E+03   
-5.547356E+03   
-5.058819E+03   
-4.571597E+03   
-4.086041E+03   
-3.602499E+03   
-3.121309E+03   
-2.642805E+03   
-2.167311E+03   
-1.695143E+03   
-1.226610E+03   
-7.620107E+02   
-3.016350E+02   
 1.542371E+02   
 6.053354E+02   
 1.051400E+03   
 1.492182E+03   
 1.927444E+03   
 2.356958E+03   
 2.780509E+03   
 3.197893E+03   
 3.608918E+03   
 4.013404E+03   
 4.411183E+03   
 4.802098E+03   
 5.186006E+03   
 5.562775E+03   
 5.932286E+03   
 6.294431E+03   
 6.649116E+03   
 6.996257E+03   
 7.335783E+03   
 7.667634E+03   
 7.991762E+03   
 8.308132E+03   
 8.616717E+03   
 8.917504E+03   
 9.210489E+03   
 9.495677E+03   
 9.773088E+03   
 1.004275E+04   
 1.030469E+04   
 1.055896E+04   
 1.080562E+04   
 1.104472E+04   
 1.127634E+04   
 1.150055E+04   
 1.171745E+04   
 1.192711E+04   
 1.212965E+04   
 1.232516E+04   
 1.251375E+04   
 1.269555E+04   
 1.287067E+04   
 1.303923E+04   
 1.320136E+04   
 1.335720E+04   
 1.350687E+04   
 1.365052E+04   
 1.378829E+04   
 1.392031E+04   
 1.404673E+04   
 1.416770E+04   
 1.428335E+04   
 1.439383E+04   
 1.449929E+04   
 1.459988E+04   
 1.469573E+04   
 1.478699E+04   
 1.487381E+04   
 1.495631E+04   
 1.503465E+04   
 1.510895E+04   
 1.517936E+04   
 1.524600E+04   
 1.530900E+04   
 1.536848E+04   
 1.542458E+04   
 1.547741E+04   
 1.552708E+04   
 1.557371E+04   
 1.561741E+04   
 1.565827E+04   
 1.569640E+04   
 1.573189E+04   
 1.576483E+04   
 1.579531E+04   
 1.582341E+04   
 1.584920E+04   
 1.587276E+04   
 1.589415E+04   
 1.591343E+04   
 1.593066E+04   
 1.594589E+04   
 1.595916E+04   
 1.597052E+04   
 1.597999E+04   
 1.598761E+04   
 1.599340E+04   
 1.599737E+04   
 1.599955E+04   
 1.599993E+04   
 1.599851E+04   
 1.599530E+04   
 1.599029E+04   
 1.598345E+04   
 1.597477E+04   
 1.596422E+04   
 1.595176E+04   
 1.593737E+04   
 1.592099E+04   
 1.590259E+04   
 1.588210E+04   
 1.585947E+04   
 1.583463E+04   
 1.580752E+04   
 1.577806E+04   
 1.574618E+04   
 1.571178E+04   
 1.567478E+04   
 1.563509E+04   
 1.559261E+04   
 1.554724E+04   
 1.549888E+04   
 1.544740E+04   
 1.539271E+04   
 1.533467E+04   
 1.527318E+04   
 1.520810E+04   
 1.513931E+04   
 1.506668E+04   
 1.499007E+04   
 1.490935E+04   
 1.482438E+04   
 1.473503E+04   
 1.464114E+04   
 1.454258E+04   
 1.443921E+04   
 1.433087E+04   
 1.421743E+04   
 1.409874E+04   
 1.397466E+04   
 1.384503E+04   
 1.370972E+04   
 1.356858E+04   
 1.342148E+04   
 1.326828E+04   
 1.310883E+04   
 1.294302E+04   
 1.277070E+04   
 1.259176E+04   
 1.240606E+04   
 1.221350E+04   
 1.201396E+04   
 1.180733E+04   
 1.159352E+04   
 1.137242E+04   
 1.114396E+04   
 1.090804E+04   
 1.066460E+04   
 1.041357E+04   
 1.015489E+04   
 9.888510E+03   
 9.614395E+03   
 9.332510E+03   
 9.042837E+03   
 8.745363E+03   
 8.440087E+03   
 8.127020E+03   
 7.806181E+03   
 7.477603E+03   
 7.141329E+03   
 6.797413E+03   
 6.445921E+03   
 6.086932E+03   
 5.720536E+03   
 5.346834E+03   
 4.965941E+03   
 4.577984E+03   
 4.183100E+03   
 3.781442E+03   
 3.373172E+03   
 2.958465E+03   
 2.537507E+03   
 2.110499E+03   
 1.677651E+03   
 1.239184E+03   
 7.953316E+02   
 3.463391E+02   
-1.075388E+02   
-5.660363E+02   
-1.028877E+03   
-1.495777E+03   
-1.966438E+03   
-2.440559E+03   
-2.917824E+03   
-3.397914E+03   
-3.880498E+03   
-4.365241E+03   
-4.851799E+03   
-5.339821E+03   
-5.828953E+03   
-6.318831E+03   
-6.809092E+03   
-7.299362E+03   
-7.789269E+03   
-8.278433E+03   
-8.766474E+03   
-9.253009E+03   
-9.737652E+03   
-1.022002E+04   
-1.069972E+04   
-1.117637E+04   
-1.164958E+04   
-1.211896E+04   
-1.258414E+04   
-1.304472E+04   
-1.350033E+04   
-1.395059E+04   
-1.439512E+04   
-1.483355E+04   
-1.526552E+04   
-1.569067E+04   
-1.610863E+04   
-1.651905E+04   
-1.692160E+04   
-1.731592E+04   
-1.770169E+04   
-1.807858E+04   
-1.844627E+04   
-1.880445E+04   
-1.915282E+04   
-1.949108E+04   
-1.981894E+04   
-2.013613E+04   
-2.044238E+04   
-2.073742E+04   
-2.102102E+04   
-2.129292E+04   
-2.155290E+04   
-2.180074E+04   
-2.203622E+04   
-2.225916E+04   
-2.246936E+04   
-2.266664E+04   
-2.285083E+04   
-2.302179E+04   
-2.317937E+04   
-2.332343E+04   
-2.345385E+04   
-2.357052E+04   
-2.367335E+04   
-2.376225E+04   
-2.383714E+04   
-2.389796E+04   
-2.394466E+04   
-2.397719E+04   
-2.399555E+04   
-2.399969E+04   
-2.398963E+04   
-2.396537E+04   
-2.392694E+04   
-2.387436E+04   
-2.380767E+04   
-2.372695E+04   
-2.363224E+04   
-2.352364E+04   
-2.340123E+04   
-2.326512E+04   
-2.311542E+04   
-2.295226E+04   
-2.277577E+04   
-2.258611E+04   
-2.238343E+04   
-2.216791E+04   
-2.193973E+04   
-2.169907E+04   
-2.144616E+04   
-2.118119E+04   
-2.090439E+04   
-2.061600E+04   
-2.031626E+04   
-2.000543E+04   
-1.968376E+04   
-1.935154E+04   
-1.900904E+04   
-1.865655E+04   
-1.829438E+04   
-1.792282E+04   
-1.754219E+04   
-1.715282E+04   
-1.675504E+04   
-1.634917E+04   
-1.593557E+04   
-1.551457E+04   
-1.508654E+04   
-1.465184E+04   
-1.421082E+04   
-1.376386E+04   
-1.331133E+04   
-1.285361E+04   
-1.239107E+04   
-1.192409E+04   
-1.145307E+04   
-1.097838E+04   
-1.050041E+04   
-1.001956E+04   
-9.536195E+03   
-9.050717E+03   
-8.563509E+03   
-8.074954E+03   
-7.585434E+03   
-7.095331E+03   
-6.605019E+03   
-6.114873E+03   
-5.625261E+03   
-5.136547E+03   
-4.649092E+03   
-4.163247E+03   
-3.679362E+03   
-3.197775E+03   
-2.718821E+03   
-2.242826E+03   
-1.770108E+03   
-1.300975E+03   
-8.357299E+02   
-3.746625E+02   
 8.194521E+01   
 5.338214E+02   
 9.807048E+02   
 1.422345E+03   
 1.858501E+03   
 2.288945E+03   
 2.713460E+03   
 3.131839E+03   
 3.543889E+03   
 3.949428E+03   
 4.348286E+03   
 4.740304E+03   
 5.125337E+03   
 5.503252E+03   
 5.873926E+03   
 6.237251E+03   
 6.593130E+03   
 6.941478E+03   
 7.282221E+03   
 7.615297E+03   
 7.940659E+03   
 8.258266E+03   
 8.568092E+03   
 8.870122E+03   
 9.164348E+03   
 9.450778E+03   
 9.729426E+03   
 1.000032E+04   
 1.026349E+04   
 1.051898E+04   
 1.076684E+04   
 1.100714E+04   
 1.123995E+04   
 1.146533E+04   
 1.168339E+04   
 1.189420E+04   
 1.209786E+04   
 1.229449E+04   
 1.248418E+04   
 1.266705E+04   
 1.284322E+04   
 1.301282E+04   
 1.317596E+04   
 1.333279E+04   
 1.348344E+04   
 1.362804E+04   
 1.376674E+04   
 1.389966E+04   
 1.402697E+04   
 1.414879E+04   
 1.426528E+04   
 1.437658E+04   
 1.448283E+04   
 1.458418E+04   
 1.468078E+04   
 1.477276E+04   
 1.486027E+04   
 1.494345E+04   
 1.502244E+04   
 1.509738E+04   
 1.516840E+04   
 1.523563E+04   
 1.529920E+04   
 1.535924E+04   
 1.541587E+04   
 1.546921E+04   
 1.551938E+04   
 1.556649E+04   
 1.561064E+04   
 1.565195E+04   
 1.569050E+04   
 1.572641E+04   
 1.575975E+04   
 1.579062E+04   
 1.581909E+04   
 1.584524E+04   
 1.586915E+04   
 1.589088E+04   
 1.591050E+04   
 1.592805E+04   
 1.594360E+04   
 1.595718E+04   
 1.596884E+04   
 1.597861E+04   
 1.598652E+04   
 1.599260E+04   
 1.599686E+04   
 1.599932E+04   
 1.599999E+04   
 1.599886E+04   
 1.599594E+04   
 1.599121E+04   
 1.598466E+04   
 1.597627E+04   
 1.596602E+04   
 1.595387E+04   
 1.593979E+04   
 1.592374E+04   
 1.590566E+04   
 1.588551E+04   
 1.586322E+04   
 1.583874E+04   
 1.581200E+04   
 1.578292E+04   
 1.575142E+04   
 1.571743E+04   
 1.568085E+04   
 1.564160E+04   
 1.559957E+04   
 1.555467E+04   
 1.550679E+04   
 1.545581E+04   
 1.540164E+04   
 1.534414E+04   
 1.528321E+04   
 1.521871E+04   
 1.515052E+04   
 1.507851E+04   
 1.500254E+04   
 1.492249E+04   
 1.483820E+04   
 1.474956E+04   
 1.465640E+04   
 1.455860E+04   
 1.445600E+04   
 1.434847E+04   
 1.423585E+04   
 1.411800E+04   
 1.399479E+04   
 1.386605E+04   
 1.373166E+04   
 1.359146E+04   
 1.344532E+04   
 1.329309E+04   
 1.313465E+04   
 1.296986E+04   
 1.279859E+04   
 1.262070E+04   
 1.243609E+04   
 1.224463E+04   
 1.204621E+04   
 1.184072E+04   
 1.162806E+04   
 1.140813E+04   
 1.118084E+04   
 1.094612E+04   
 1.070388E+04   
 1.045406E+04   
 1.019660E+04   
 9.931452E+03   
 9.658571E+03   
 9.377926E+03   
 9.089494E+03   
 8.793262E+03   
 8.489229E+03   
 8.177401E+03   
 7.857799E+03   
 7.530451E+03   
 7.195399E+03   
 6.852696E+03   
 6.502406E+03   
 6.144605E+03   
 5.779382E+03   
 5.406836E+03   
 5.027080E+03   
 4.640239E+03   
 4.246449E+03   
 3.845859E+03   
 3.438631E+03   
 3.024937E+03   
 2.604962E+03   
 2.178903E+03   
 1.746970E+03   
 1.309383E+03   
 8.663724E+02   
 4.181818E+02   
-3.493550E+01   
-4.927154E+02   
-9.548837E+02   
-1.421156E+03   
-1.891239E+03   
-2.364829E+03   
-2.841615E+03   
-3.321277E+03   
-3.803486E+03   
-4.287908E+03   
-4.774200E+03   
-5.262013E+03   
-5.750991E+03   
-6.240776E+03   
-6.731000E+03   
-7.221294E+03   
-7.711283E+03   
-8.200591E+03   
-8.688837E+03   
-9.175637E+03   
-9.660608E+03   
-1.014336E+04   
-1.062351E+04   
-1.110068E+04   
-1.157446E+04   
-1.204448E+04   
-1.251035E+04   
-1.297169E+04   
-1.342812E+04   
-1.387925E+04   
-1.432472E+04   
-1.476415E+04   
-1.519717E+04   
-1.562343E+04   
-1.604256E+04   
-1.645421E+04   
-1.685803E+04   
-1.725368E+04   
-1.764084E+04   
-1.801917E+04   
-1.838834E+04   
-1.874806E+04   
-1.909801E+04   
-1.943790E+04   
-1.976743E+04   
-2.008634E+04   
-2.039435E+04   
-2.069119E+04   
-2.097663E+04   
-2.125041E+04   
-2.151230E+04   
-2.176209E+04   
-2.199956E+04   
-2.222450E+04   
-2.243674E+04   
-2.263609E+04   
-2.282238E+04   
-2.299546E+04   
-2.315517E+04   
-2.330139E+04   
-2.343399E+04   
-2.355287E+04   
-2.365791E+04   
-2.374903E+04   
-2.382615E+04   
-2.388922E+04   
-2.393817E+04   
-2.397296E+04   
-2.399357E+04   
-2.399998E+04   
-2.399219E+04   
-2.397019E+04   
-2.393401E+04   
-2.388368E+04   
-2.381924E+04   
-2.374074E+04   
-2.364826E+04   
-2.354186E+04   
-2.342165E+04   
-2.328771E+04   
-2.314017E+04   
-2.297914E+04   
-2.280476E+04   
-2.261719E+04   
-2.241658E+04   
-2.220309E+04   
-2.197691E+04   
-2.173823E+04   
-2.148725E+04   
-2.122419E+04   
-2.094926E+04   
-2.066270E+04   
-2.036475E+04   
-2.005567E+04   
-1.973571E+04   
-1.940515E+04   
-1.906426E+04   
-1.871335E+04   
-1.835269E+04   
-1.798261E+04   
-1.760341E+04   
-1.721541E+04   
-1.681894E+04   
-1.641434E+04   
-1.600194E+04   
-1.558210E+04   
-1.515517E+04   
-1.472150E+04   
-1.428147E+04   
-1.383543E+04   
-1.338376E+04   
-1.292684E+04   
-1.246504E+04   
-1.199875E+04   
-1.152834E+04   
-1.105421E+04   
-1.057674E+04   
-1.009632E+04   
-9.613329E+03   
-9.128163E+03   
-8.641204E+03   
-8.152838E+03   
-7.663447E+03   
-7.173411E+03   
-6.683107E+03   
-6.192910E+03   
-5.703188E+03   
-5.214308E+03   
-4.726628E+03   
-4.240503E+03   
-3.756283E+03   
-3.274307E+03   
-2.794912E+03   
-2.318424E+03   
-1.845163E+03   
-1.375439E+03   
-9.095551E+02   
-4.478031E+02   
 9.533288E+00   
 4.621808E+02   
 9.098765E+02   
 1.352368E+03   
 1.789413E+03   
 2.220782E+03   
 2.646255E+03   
 3.065625E+03   
 3.478695E+03   
 3.885283E+03   
 4.285216E+03   
 4.678333E+03   
 5.064488E+03   
 5.443545E+03   
 5.815380E+03   
 6.179882E+03   
 6.536953E+03   
 6.886505E+03   
 7.228464E+03   
 7.562765E+03   
 7.889358E+03   
 8.208203E+03   
 8.519269E+03   
 8.822541E+03   
 9.118011E+03   
 9.405681E+03   
 9.685567E+03   
 9.957691E+03   
 1.022209E+04   
 1.047880E+04   
 1.072787E+04   
 1.096937E+04   
 1.120337E+04   
 1.142993E+04   
 1.164915E+04   
 1.186110E+04   
 1.206590E+04   
 1.226364E+04   
 1.245442E+04   
 1.263837E+04   
 1.281560E+04   
 1.298624E+04   
 1.315041E+04   
 1.330823E+04   
 1.345986E+04   
 1.360541E+04   
 1.374504E+04   
 1.387887E+04   
 1.400706E+04   
 1.412975E+04   
 1.424708E+04   
 1.435919E+04   
 1.446624E+04   
 1.456836E+04   
 1.466570E+04   
 1.475841E+04   
 1.484663E+04   
 1.493049E+04   
 1.501014E+04   
 1.508571E+04   
 1.515735E+04   
 1.522517E+04   
 1.528932E+04   
 1.534991E+04   
 1.540707E+04   
 1.546093E+04   
 1.551160E+04   
 1.555918E+04   
 1.560380E+04   
 1.564555E+04   
 1.568454E+04   
 1.572086E+04   
 1.575461E+04   
 1.578586E+04   
 1.581471E+04   
 1.584123E+04   
 1.586549E+04   
 1.588757E+04   
 1.590751E+04   
 1.592539E+04   
 1.594125E+04   
 1.595514E+04   
 1.596711E+04   
 1.597718E+04   
 1.598538E+04   
 1.599175E+04   
 1.599630E+04   
 1.599905E+04   
 1.600000E+04   
 1.599916E+04   
 1.599652E+04   
 1.599208E+04   
 1.598583E+04   
 1.597773E+04   
 1.596778E+04   
 1.595594E+04   
 1.594217E+04   
 1.592643E+04   
 1.590867E+04   
 1.588886E+04   
 1.586692E+04   
 1.584279E+04   
 1.581641E+04   
 1.578771E+04   
 1.575660E+04   
 1.572301E+04   
 1.568686E+04   
 1.564803E+04   
 1.560645E+04   
 1.556202E+04   
 1.551462E+04   
 1.546414E+04   
 1.541049E+04   
 1.535353E+04   
 1.529315E+04   
 1.522923E+04   
 1.516163E+04   
 1.509024E+04   
 1.501491E+04   
 1.493552E+04   
 1.485192E+04   
 1.476397E+04   
 1.467155E+04   
 1.457449E+04   
 1.447267E+04   
 1.436593E+04   
 1.425413E+04   
 1.413713E+04   
 1.401478E+04   
 1.388693E+04   
 1.375344E+04   
 1.361418E+04   
 1.346899E+04   
 1.331775E+04   
 1.316031E+04   
 1.299654E+04   
 1.282630E+04   
 1.264948E+04   
 1.246595E+04   
 1.227559E+04   
 1.207828E+04   
 1.187392E+04   
 1.166241E+04   
 1.144364E+04   
 1.121754E+04   
 1.098400E+04   
 1.074296E+04   
 1.049436E+04   
 1.023812E+04   
 9.974198E+03   
 9.702551E+03   
 9.423144E+03   
 9.135953E+03   
 8.840964E+03   
 8.538173E+03   
 8.227586E+03   
 7.909220E+03   
 7.583103E+03   
 7.249275E+03   
 6.907786E+03   
 6.558700E+03   
 6.202090E+03   
 5.838042E+03   
 5.466656E+03   
 5.088040E+03   
 4.702319E+03   
 4.309626E+03   
 3.910108E+03   
 3.503926E+03   
 3.091249E+03   
 2.672262E+03   
 2.247159E+03   
 1.816147E+03   
 1.379445E+03   
 9.372819E+02   
 4.898996E+02   
 3.754951E+01   
-4.195059E+02   
-8.809940E+02   
-1.346632E+03   
-1.816128E+03   
-2.289180E+03   
-2.765479E+03   
-3.244704E+03   
-3.726530E+03   
-4.210622E+03   
-4.696639E+03   
-5.184234E+03   
-5.673051E+03   
-6.162731E+03   
-6.652910E+03   
-7.143218E+03   
-7.633281E+03   
-8.122723E+03   
-8.611163E+03   
-9.098220E+03   
-9.583507E+03   
-1.006664E+04   
-1.054723E+04   
-1.102490E+04   
-1.149924E+04   
-1.196989E+04   
-1.243645E+04   
-1.289853E+04   
-1.335577E+04   
-1.380777E+04   
-1.425417E+04   
-1.469458E+04   
-1.512865E+04   
-1.555601E+04   
-1.597630E+04   
-1.638916E+04   
-1.679425E+04   
-1.719123E+04   
-1.757976E+04   
-1.795952E+04   
-1.833017E+04   
-1.869141E+04   
-1.904294E+04   
-1.938445E+04   
-1.971565E+04   
-2.003627E+04   
-2.034603E+04   
-2.064467E+04   
-2.093194E+04   
-2.120759E+04   
-2.147140E+04   
-2.172312E+04   
-2.196257E+04   
-2.218952E+04   
-2.240380E+04   
-2.260521E+04   
-2.279359E+04   
-2.296878E+04   
-2.313064E+04   
-2.327901E+04   
-2.341379E+04   
-2.353486E+04   
-2.364211E+04   
-2.373545E+04   
-2.381481E+04   
-2.388012E+04   
-2.393132E+04   
-2.396837E+04   
-2.399124E+04   
-2.399991E+04   
-2.399438E+04   
-2.397464E+04   
-2.394072E+04   
-2.389264E+04   
-2.383044E+04   
-2.375418E+04   
-2.366392E+04   
-2.355974E+04   
-2.344171E+04   
-2.330995E+04   
-2.316457E+04   
-2.300568E+04   
-2.283342E+04   
-2.264794E+04   
-2.244939E+04   
-2.223794E+04   
-2.201377E+04   
-2.177707E+04   
-2.152804E+04   
-2.126688E+04   
-2.099383E+04   
-2.070910E+04   
-2.041295E+04   
-2.010563E+04   
-1.978738E+04   
-1.945849E+04   
-1.911923E+04   
-1.876990E+04   
-1.841077E+04   
-1.804217E+04   
-1.766440E+04   
-1.727778E+04   
-1.688264E+04   
-1.647931E+04   
-1.606813E+04   
-1.564945E+04   
-1.522363E+04   
-1.479101E+04   
-1.435196E+04   
-1.390686E+04   
-1.345606E+04   
-1.299995E+04   
-1.253890E+04   
-1.207330E+04   
-1.160352E+04   
-1.112996E+04   
