 8.320271E+03   
 8.239427E+03   
 8.151498E+03   
 8.056263E+03   
 7.953514E+03   
 7.843054E+03   
 7.724700E+03   
 7.598281E+03   
 7.463642E+03   
 7.320645E+03   
 7.169165E+03   
 7.009095E+03   
 6.840346E+03   
 6.662846E+03   
 6.476542E+03   
 6.281401E+03   
 6.077405E+03   
 5.864561E+03   
 5.642891E+03   
 5.412440E+03   
 5.173272E+03   
 4.925471E+03   
 4.669140E+03   
 4.404403E+03   
 4.131405E+03   
 3.850307E+03   
 3.561293E+03   
 3.264563E+03   
 2.960336E+03   
 2.648849E+03   
 2.330357E+03   
 2.005131E+03   
 1.673458E+03   
 1.335639E+03   
 9.919923E+02   
 6.428476E+02   
 2.885483E+02   
-7.055061E+01   
-4.340827E+02   
-8.016716E+02   
-1.172932E+03   
-1.547470E+03   
-1.924884E+03   
-2.304768E+03   
-2.686708E+03   
-3.070289E+03   
-3.455089E+03   
-3.840687E+03   
-4.226660E+03   
-4.612582E+03   
-4.998030E+03   
-5.382583E+03   
-5.765819E+03   
-6.147323E+03   
-6.526682E+03   
-6.903487E+03   
-7.277336E+03   
-7.647833E+03   
-8.014588E+03   
-8.377218E+03   
-8.735351E+03   
-9.088621E+03   
-9.436672E+03   
-9.779157E+03   
-1.011574E+04   
-1.044610E+04   
-1.076991E+04   
-1.108688E+04   
-1.139671E+04   
-1.169912E+04   
-1.199384E+04   
-1.228062E+04   
-1.255921E+04   
-1.282938E+04   
-1.309091E+04   
-1.334359E+04   
-1.358723E+04   
-1.382164E+04   
-1.404665E+04   
-1.426211E+04   
-1.446787E+04   
-1.466380E+04   
-1.484976E+04   
-1.502566E+04   
-1.519140E+04   
-1.534688E+04   
-1.549203E+04   
-1.562678E+04   
-1.575109E+04   
-1.586490E+04   
-1.596819E+04   
-1.606092E+04   
-1.614309E+04   
-1.621469E+04   
-1.627573E+04   
-1.632621E+04   
-1.636617E+04   
-1.639564E+04   
-1.641464E+04   
-1.642324E+04   
-1.642149E+04   
-1.640945E+04   
-1.638719E+04   
-1.635480E+04   
-1.631235E+04   
-1.625993E+04   
-1.619765E+04   
-1.612561E+04   
-1.604392E+04   
-1.595270E+04   
-1.585206E+04   
-1.574214E+04   
-1.562308E+04   
-1.549500E+04   
-1.535805E+04   
-1.521239E+04   
-1.505815E+04   
-1.489552E+04   
-1.472463E+04   
-1.454567E+04   
-1.435881E+04   
-1.416421E+04   
-1.396206E+04   
-1.375254E+04   
-1.353584E+04   
-1.331216E+04   
-1.308167E+04   
-1.284459E+04   
-1.260111E+04   
-1.235143E+04   
-1.209577E+04   
-1.183434E+04   
-1.156734E+04   
-1.129500E+04   
-1.101752E+04   
-1.073514E+04   
-1.044808E+04   
-1.015656E+04   
-9.860800E+03   
-9.561042E+03   
-9.257512E+03   
-8.950442E+03   
-8.640068E+03   
-8.326623E+03   
-8.010344E+03   
-7.691468E+03   
-7.370233E+03   
-7.046877E+03   
-6.721640E+03   
-6.394759E+03   
-6.066474E+03   
-5.737023E+03   
-5.406645E+03   
-5.075576E+03   
-4.744054E+03   
-4.412314E+03   
-4.080590E+03   
-3.749115E+03   
-3.418120E+03   
-3.087834E+03   
-2.758483E+03   
-2.430292E+03   
-2.103483E+03   
-1.778274E+03   
-1.454882E+03   
-1.133518E+03   
-8.143926E+02   
-4.977101E+02   
-1.836721E+02   
 1.275242E+02   
 4.356860E+02   
 7.406250E+02   
 1.042157E+03   
 1.340105E+03   
 1.634294E+03   
 1.924556E+03   
 2.210728E+03   
 2.492653E+03   
 2.770179E+03   
 3.043161E+03   
 3.311460E+03   
 3.574941E+03   
 3.833478E+03   
 4.086950E+03   
 4.335243E+03   
 4.578249E+03   
 4.815867E+03   
 5.048003E+03   
 5.274570E+03   
 5.495486E+03   
 5.710678E+03   
 5.920080E+03   
 6.123632E+03   
 6.321282E+03   
 6.512982E+03   
 6.698696E+03   
 6.878391E+03   
 7.052042E+03   
 7.219633E+03   
 7.381152E+03   
 7.536596E+03   
 7.685967E+03   
 7.829276E+03   
 7.966540E+03   
 8.097782E+03   
 8.223031E+03   
 8.342325E+03   
 8.455707E+03   
 8.563226E+03   
 8.664938E+03   
 8.760906E+03   
 8.851195E+03   
 8.935882E+03   
 9.015046E+03   
 9.088772E+03   
 9.157151E+03   
 9.220279E+03   
 9.278260E+03   
 9.331199E+03   
 9.379208E+03   
 9.422405E+03   
 9.460911E+03   
 9.494851E+03   
 9.524356E+03   
 9.549560E+03   
 9.570602E+03   
 9.587623E+03   
 9.600769E+03   
 9.610189E+03   
 9.616034E+03   
 9.618460E+03   
 9.617624E+03   
 9.613685E+03   
 9.606806E+03   
 9.597150E+03   
 9.584882E+03   
 9.570169E+03   
 9.553180E+03   
 9.534082E+03   
 9.513045E+03   
 9.490237E+03   
 9.465828E+03   
 9.439986E+03   
 9.412879E+03   
 9.384674E+03   
 9.355536E+03   
 9.325629E+03   
 9.295113E+03   
 9.264148E+03   
 9.232889E+03   
 9.201490E+03   
 9.170100E+03   
 9.138864E+03   
 9.107923E+03   
 9.077414E+03   
 9.047468E+03   
 9.018211E+03   
 8.989764E+03   
 8.962240E+03   
 8.935747E+03   
 8.910387E+03   
 8.886253E+03   
 8.863431E+03   
 8.841999E+03   
 8.822029E+03   
 8.803581E+03   
 8.786708E+03   
 8.771455E+03   
 8.757855E+03   
 8.745934E+03   
 8.735707E+03   
 8.727178E+03   
 8.720342E+03   
 8.715182E+03   
 8.711673E+03   
 8.709776E+03   
 8.709443E+03   
 8.710614E+03   
 8.713218E+03   
 8.717174E+03   
 8.722387E+03   
 8.728753E+03   
 8.736157E+03   
 8.744470E+03   
 8.753556E+03   
 8.763265E+03   
 8.773438E+03   
 8.783903E+03   
 8.794481E+03   
 8.804980E+03   
 8.815201E+03   
 8.824933E+03   
 8.833957E+03   
 8.842046E+03   
 8.848965E+03   
 8.854469E+03   
 8.858309E+03   
 8.860228E+03   
 8.859962E+03   
 8.857244E+03   
 8.851801E+03   
 8.843357E+03   
 8.831632E+03   
 8.816343E+03   
 8.797207E+03   
 8.773941E+03   
 8.746259E+03   
 8.713878E+03   
 8.676518E+03   
 8.633900E+03   
 8.585749E+03   
 8.531795E+03   
 8.471774E+03   
 8.405429E+03   
 8.332508E+03   
 8.252771E+03   
 8.165985E+03   
 8.071928E+03   
 7.970390E+03   
 7.861171E+03   
 7.744085E+03   
 7.618961E+03   
 7.485642E+03   
 7.343984E+03   
 7.193863E+03   
 7.035167E+03   
 6.867806E+03   
 6.691704E+03   
 6.506805E+03   
 6.313073E+03   
 6.110488E+03   
 5.899051E+03   
 5.678785E+03   
 5.449729E+03   
 5.211944E+03   
 4.965511E+03   
 4.710531E+03   
 4.447124E+03   
 4.175431E+03   
 3.895611E+03   
 3.607845E+03   
 3.312329E+03   
 3.009281E+03   
 2.698934E+03   
 2.381540E+03   
 2.057367E+03   
 1.726701E+03   
 1.389840E+03   
 1.047100E+03   
 6.988084E+02   
 3.453065E+02   
-1.305219E+01   
-3.759032E+02   
-7.428716E+02   
-1.113573E+03   
-1.487616E+03   
-1.864599E+03   
-2.244117E+03   
-2.625758E+03   
-3.009105E+03   
-3.393739E+03   
-3.779239E+03   
-4.165180E+03   
-4.551139E+03   
-4.936691E+03   
-5.321414E+03   
-5.704888E+03   
-6.086696E+03   
-6.466424E+03   
-6.843663E+03   
-7.218009E+03   
-7.589066E+03   
-7.956443E+03   
-8.319755E+03   
-8.678629E+03   
-9.032698E+03   
-9.381603E+03   
-9.724998E+03   
-1.006254E+04   
-1.039391E+04   
-1.071879E+04   
-1.103687E+04   
-1.134785E+04   
-1.165146E+04   
-1.194743E+04   
-1.223549E+04   
-1.251540E+04   
-1.278693E+04   
-1.304985E+04   
-1.330395E+04   
-1.354904E+04   
-1.378493E+04   
-1.401145E+04   
-1.422844E+04   
-1.443576E+04   
-1.463326E+04   
-1.482082E+04   
-1.499833E+04   
-1.516569E+04   
-1.532281E+04   
-1.546961E+04   
-1.560602E+04   
-1.573199E+04   
-1.584748E+04   
-1.595244E+04   
-1.604686E+04   
-1.613071E+04   
-1.620400E+04   
-1.626671E+04   
-1.631888E+04   
-1.636051E+04   
-1.639164E+04   
-1.641231E+04   
-1.642257E+04   
-1.642246E+04   
-1.641206E+04   
-1.639142E+04   
-1.636063E+04   
-1.631978E+04   
-1.626894E+04   
-1.620823E+04   
-1.613773E+04   
-1.605757E+04   
-1.596786E+04   
-1.586871E+04   
-1.576026E+04   
-1.564265E+04   
-1.551599E+04   
-1.538045E+04   
-1.523616E+04   
-1.508329E+04   
-1.492198E+04   
-1.475240E+04   
-1.457471E+04   
-1.438909E+04   
-1.419571E+04   
-1.399475E+04   
-1.378640E+04   
-1.357083E+04   
-1.334824E+04   
-1.311883E+04   
-1.288278E+04   
-1.264030E+04   
-1.239160E+04   
-1.213688E+04   
-1.187635E+04   
-1.161023E+04   
-1.133872E+04   
-1.106205E+04   
-1.078044E+04   
-1.049410E+04   
-1.020327E+04   
-9.908177E+03   
-9.609041E+03   
-9.306097E+03   
-8.999575E+03   
-8.689711E+03   
-8.376740E+03   
-8.060896E+03   
-7.742418E+03   
-7.421543E+03   
-7.098509E+03   
-6.773555E+03   
-6.446920E+03   
-6.118842E+03   
-5.789561E+03   
-5.459315E+03   
-5.128340E+03   
-4.796875E+03   
-4.465154E+03   
-4.133412E+03   
-3.801881E+03   
-3.470794E+03   
-3.140380E+03   
-2.810865E+03   
-2.482474E+03   
-2.155430E+03   
-1.829952E+03   
-1.506256E+03   
-1.184556E+03   
-8.650599E+02   
-5.479748E+02   
-2.335023E+02   
 7.815965E+01   
 3.868175E+02   
 6.922821E+02   
 9.943693E+02   
 1.292899E+03   
 1.587698E+03   
 1.878597E+03   
 2.165431E+03   
 2.448042E+03   
 2.726279E+03   
 2.999995E+03   
 3.269048E+03   
 3.533305E+03   
 3.792638E+03   
 4.046925E+03   
 4.296050E+03   
 4.539905E+03   
 4.778388E+03   
 5.011403E+03   
 5.238862E+03   
 5.460683E+03   
 5.676792E+03   
 5.887120E+03   
 6.091608E+03   
 6.290200E+03   
 6.482851E+03   
 6.669520E+03   
 6.850176E+03   
 7.024791E+03   
 7.193348E+03   
 7.355834E+03   
 7.512246E+03   
 7.662584E+03   
 7.806857E+03   
 7.945082E+03   
 8.077281E+03   
 8.203483E+03   
 8.323723E+03   
 8.438043E+03   
 8.546493E+03   
 8.649126E+03   
 8.746003E+03   
 8.837193E+03   
 8.922767E+03   
 9.002804E+03   
 9.077390E+03   
 9.146614E+03   
 9.210572E+03   
 9.269366E+03   
 9.323100E+03   
 9.371887E+03   
 9.415843E+03   
 9.455087E+03   
 9.489746E+03   
 9.519948E+03   
 9.545828E+03   
 9.567523E+03   
 9.585175E+03   
 9.598928E+03   
 9.608932E+03   
 9.615336E+03   
 9.618296E+03   
 9.617969E+03   
 9.614513E+03   
 9.608091E+03   
 9.598867E+03   
 9.587004E+03   
 9.572669E+03   
 9.556031E+03   
 9.537258E+03   
 9.516518E+03   
 9.493981E+03   
 9.469816E+03   
 9.444191E+03   
 9.417274E+03   
 9.389233E+03   
 9.360233E+03   
 9.330437E+03   
 9.300007E+03   
 9.269103E+03   
 9.237881E+03   
 9.206494E+03   
 9.175093E+03   
 9.143823E+03   
 9.112826E+03   
 9.082239E+03   
 9.052194E+03   
 9.022820E+03   
 8.994235E+03   
 8.966557E+03   
 8.939893E+03   
 8.914346E+03   
 8.890011E+03   
 8.866974E+03   
 8.845317E+03   
 8.825109E+03   
 8.806415E+03   
 8.789288E+03   
 8.773774E+03   
 8.759909E+03   
 8.747720E+03   
 8.737222E+03   
 8.728423E+03   
 8.721318E+03   
 8.715893E+03   
 8.712123E+03   
 8.709972E+03   
 8.709394E+03   
 8.710330E+03   
 8.712711E+03   
 8.716457E+03   
 8.721476E+03   
 8.727667E+03   
 8.734913E+03   
 8.743091E+03   
 8.752063E+03   
 8.761684E+03   
 8.771793E+03   
 8.782224E+03   
 8.792796E+03   
 8.803322E+03   
 8.813600E+03   
 8.823425E+03   
 8.832577E+03   
 8.840830E+03   
 8.847951E+03   
 8.853697E+03   
 8.857819E+03   
 8.860061E+03   
 8.860161E+03   
 8.857852E+03   
 8.852862E+03   
 8.844914E+03   
 8.833730E+03   
 8.819028E+03   
 8.800524E+03   
 8.777935E+03   
 8.750975E+03   
 8.719361E+03   
 8.682813E+03   
 8.641051E+03   
 8.593799E+03   
 8.540787E+03   
 8.481750E+03   
 8.416429E+03   
 8.344572E+03   
 8.265937E+03   
 8.180289E+03   
 8.087404E+03   
 7.987071E+03   
 7.879087E+03   
 7.763267E+03   
 7.639434E+03   
 7.507430E+03   
 7.367109E+03   
 7.218343E+03   
 7.061020E+03   
 6.895044E+03   
 6.720339E+03   
 6.536844E+03   
 6.344520E+03   
 6.143345E+03   
 5.933318E+03   
 5.714455E+03   
 5.486796E+03   
 5.250396E+03   
 5.005334E+03   
 4.751708E+03   
 4.489634E+03   
 4.219250E+03   
 3.940714E+03   
 3.654200E+03   
 3.359905E+03   
 3.058041E+03   
 2.748840E+03   
 2.432551E+03   
 2.109439E+03   
 1.779787E+03   
 1.443893E+03   
 1.102067E+03   
 7.546370E+02   
 4.019416E+02   
 4.433225E+01   
-3.178281E+02   
-6.841662E+02   
-1.054299E+03   
-1.427836E+03   
-1.804378E+03   
-2.183520E+03   
-2.564850E+03   
-2.947954E+03   
-3.332412E+03   
-3.717802E+03   
-4.103701E+03   
-4.489685E+03   
-4.875330E+03   
-5.260214E+03   
-5.643915E+03   
-6.026016E+03   
-6.406102E+03   
-6.783765E+03   
-7.158599E+03   
-7.530206E+03   
-7.898194E+03   
-8.262180E+03   
-8.621785E+03   
-8.976643E+03   
-9.326395E+03   
-9.670690E+03   
-1.000919E+04   
-1.034156E+04   
-1.066750E+04   
-1.098668E+04   
-1.129881E+04   
-1.160362E+04   
-1.190082E+04   
-1.219015E+04   
-1.247138E+04   
-1.274425E+04   
-1.300856E+04   
-1.326408E+04   
-1.351062E+04   
-1.374798E+04   
-1.397601E+04   
-1.419453E+04   
-1.440339E+04   
-1.460246E+04   
-1.479162E+04   
-1.497073E+04   
-1.513972E+04   
-1.529847E+04   
-1.544692E+04   
-1.558499E+04   
-1.571263E+04   
-1.582979E+04   
-1.593643E+04   
-1.603253E+04   
-1.611806E+04   
-1.619303E+04   
-1.625743E+04   
-1.631128E+04   
-1.635458E+04   
-1.638739E+04   
-1.640972E+04   
-1.642163E+04   
-1.642317E+04   
-1.641440E+04   
-1.639539E+04   
-1.636621E+04   
-1.632695E+04   
-1.627770E+04   
-1.621855E+04   
-1.614961E+04   
-1.607098E+04   
-1.598278E+04   
-1.588513E+04   
-1.577815E+04   
-1.566199E+04   
-1.553676E+04   
-1.540263E+04   
-1.525972E+04   
-1.510820E+04   
-1.494822E+04   
-1.477995E+04   
-1.460354E+04   
-1.441918E+04   
-1.422702E+04   
-1.402726E+04   
-1.382007E+04   
-1.360564E+04   
-1.338415E+04   
-1.315581E+04   
-1.292081E+04   
-1.267934E+04   
-1.243162E+04   
-1.217785E+04   
-1.191823E+04   
-1.165298E+04   
-1.138231E+04   
-1.110645E+04   
-1.082561E+04   
-1.054001E+04   
-1.024988E+04   
-9.955453E+03   
-9.656944E+03   
-9.354591E+03   
-9.048623E+03   
-8.739276E+03   
-8.426784E+03   
-8.111382E+03   
-7.793307E+03   
-7.472798E+03   
-7.150092E+03   
-6.825428E+03   
-6.499044E+03   
-6.171181E+03   
-5.842075E+03   
-5.511966E+03   
-5.181092E+03   
-4.849689E+03   
-4.517993E+03   
-4.186238E+03   
-3.854659E+03   
-3.523486E+03   
-3.192949E+03   
-2.863276E+03   
-2.534691E+03   
-2.207418E+03   
-1.881676E+03   
-1.557682E+03   
-1.235649E+03   
-9.157884E+02   
-5.983057E+02   
-2.834038E+02   
 2.871887E+01   
 3.378679E+02   
 6.438536E+02   
 9.464908E+02   
 1.245599E+03   
 1.541004E+03   
 1.832534E+03   
 2.120027E+03   
 2.403321E+03   
 2.682265E+03   
 2.956710E+03   
 3.226515E+03   
 3.491545E+03   
 3.751670E+03   
 4.006769E+03   
 4.256723E+03   
 4.501424E+03   
 4.740769E+03   
 4.974661E+03   
 5.203011E+03   
 5.425735E+03   
 5.642758E+03   
 5.854012E+03   
 6.059433E+03   
 6.258968E+03   
 6.452568E+03   
 6.640192E+03   
 6.821807E+03   
 6.997386E+03   
 7.166909E+03   
 7.330363E+03   
 7.487741E+03   
 7.639046E+03   
 7.784285E+03   
 7.923472E+03   
 8.056629E+03   
 8.183783E+03   
 8.304970E+03   
 8.420230E+03   
 8.529611E+03   
 8.633167E+03   
 8.730957E+03   
 8.823047E+03   
 8.909510E+03   
 8.990424E+03   
 9.065872E+03   
 9.135944E+03   
 9.200735E+03   
 9.260344E+03   
 9.314876E+03   
 9.364444E+03   
 9.409161E+03   
 9.449147E+03   
 9.484527E+03   
 9.515431E+03   
 9.541990E+03   
 9.564342E+03   
 9.582629E+03   
 9.596993E+03   
 9.607583E+03   
 9.614551E+03   
 9.618049E+03   
 9.618235E+03   
 9.615267E+03   
 9.609306E+03   
 9.600517E+03   
 9.589063E+03   
 9.575111E+03   
 9.558829E+03   
 9.540384E+03   
 9.519946E+03   
 9.497684E+03   
 9.473767E+03   
 9.448363E+03   
 9.421641E+03   
 9.393768E+03   
 9.364909E+03   
 9.335229E+03   
 9.304890E+03   
 9.274050E+03   
 9.242869E+03   
 9.211498E+03   
 9.180089E+03   
 9.148788E+03   
 9.117738E+03   
 9.087077E+03   
 9.056938E+03   
 9.027448E+03   
 8.998730E+03   
 8.970900E+03   
 8.944068E+03   
 8.918336E+03   
 8.893802E+03   
 8.870553E+03   
 8.848671E+03   
 8.828228E+03   
 8.809288E+03   
 8.791909E+03   
 8.776135E+03   
 8.762006E+03   
 8.749548E+03   
 8.738780E+03   
 8.729710E+03   
 8.722336E+03   
 8.716645E+03   
 8.712614E+03   
 8.710208E+03   
 8.709383E+03   
 8.710082E+03   
 8.712238E+03   
 8.715773E+03   
 8.720596E+03   
 8.726607E+03   
 8.733693E+03   
 8.741731E+03   
 8.750587E+03   
 8.760114E+03   
 8.770157E+03   
 8.780548E+03   
 8.791111E+03   
 8.801656E+03   
 8.811988E+03   
 8.821899E+03   
 8.831173E+03   
 8.839585E+03   
 8.846903E+03   
 8.852884E+03   
 8.857282E+03   
 8.859841E+03   
 8.860300E+03   
 8.858392E+03   
 8.853848E+03   
 8.846390E+03   
 8.835740E+03   
 8.821617E+03   
 8.803737E+03   
 8.781818E+03   
 8.755573E+03   
 8.724719E+03   
 8.688976E+03   
 8.648062E+03   
 8.601703E+03   
 8.549627E+03   
 8.491567E+03   
 8.427264E+03   
 8.356464E+03   
 8.278924E+03   
 8.194408E+03   
 8.102691E+03   
 8.003557E+03   
 7.896805E+03   
 7.782245E+03   
 7.659699E+03   
 7.529007E+03   
 7.390020E+03   
 7.242607E+03   
 7.086653E+03   
 6.922061E+03   
 6.748750E+03   
 6.566659E+03   
 6.375743E+03   
 6.175978E+03   
 5.967360E+03   
 5.749903E+03   
 5.523641E+03   
 5.288629E+03   
 5.044940E+03   
 4.792670E+03   
 4.531933E+03   
 4.262863E+03   
 3.985614E+03   
 3.700358E+03   
 3.407288E+03   
 3.106615E+03   
 2.798566E+03   
 2.483388E+03   
 2.161345E+03   
 1.832715E+03   
 1.497794E+03   
 1.156892E+03   
 8.103320E+02   
 4.584520E+02   
 1.016012E+02   
-2.598590E+02   
-6.255572E+02   
-9.951119E+02   
-1.368133E+03   
-1.744224E+03   
-2.122979E+03   
-2.503988E+03   
-2.886837E+03   
-3.271107E+03   
-3.656377E+03   
-4.042224E+03   
-4.428223E+03   
-4.813950E+03   
-5.198983E+03   
-5.582901E+03   
-5.965285E+03   
-6.345719E+03   
-6.723795E+03   
-7.099107E+03   
-7.471254E+03   
-7.839845E+03   
