-1.776359E+01   
-1.625233E+01   
-1.473677E+01   
-1.321734E+01   
-1.169446E+01   
-1.016854E+01   
-8.639984E+00   
-7.109196E+00   
-5.576577E+00   
-4.042525E+00   
-2.507436E+00   
-9.717046E-01   
 5.642756E-01   
 2.100111E+00   
 3.635409E+00   
 5.169774E+00   
 6.702812E+00   
 8.234125E+00   
 9.763313E+00   
 1.128997E+01   
 1.281370E+01   
 1.433408E+01   
 1.585071E+01   
 1.736315E+01   
 1.887100E+01   
 2.037381E+01   
 2.187116E+01   
 2.336259E+01   
 2.484766E+01   
 2.632591E+01   
 2.779687E+01   
 2.926008E+01   
 3.071505E+01   
 3.216129E+01   
 3.359831E+01   
 3.502559E+01   
 3.644263E+01   
 3.784889E+01   
 3.924386E+01   
 4.062698E+01   
 4.199770E+01   
 4.335547E+01   
 4.469973E+01   
 4.602989E+01   
 4.734537E+01   
 4.864558E+01   
 4.992993E+01   
 5.119782E+01   
 5.244862E+01   
 5.368173E+01   
 5.489652E+01   
 5.609237E+01   
 5.726866E+01   
 5.842473E+01   
 5.955997E+01   
 6.067374E+01   
 6.176539E+01   
 6.283429E+01   
 6.387981E+01   
 6.490131E+01   
 6.589816E+01   
 6.686973E+01   
 6.781541E+01   
 6.873457E+01   
 6.962662E+01   
 7.049094E+01   
 7.132696E+01   
 7.213409E+01   
 7.291177E+01   
 7.365945E+01   
 7.437658E+01   
 7.506265E+01   
 7.571714E+01   
 7.633957E+01   
 7.692947E+01   
 7.748639E+01   
 7.800990E+01   
 7.849960E+01   
 7.895510E+01   
 7.937604E+01   
 7.976208E+01   
 8.011293E+01   
 8.042829E+01   
 8.070791E+01   
 8.095157E+01   
 8.115906E+01   
 8.133021E+01   
 8.146489E+01   
 8.156298E+01   
 8.162441E+01   
 8.164911E+01   
 8.163708E+01   
 8.158831E+01   
 8.150286E+01   
 8.138079E+01   
 8.122220E+01   
 8.102722E+01   
 8.079602E+01   
 8.052878E+01   
 8.022572E+01   
 7.988708E+01   
 7.951314E+01   
 7.910420E+01   
 7.866058E+01   
 7.818264E+01   
 7.767074E+01   
 7.712530E+01   
 7.654672E+01   
 7.593546E+01   
 7.529197E+01   
 7.461674E+01   
 7.391026E+01   
 7.317306E+01   
 7.240567E+01   
 7.160863E+01   
 7.078251E+01   
 6.992788E+01   
 6.904533E+01   
 6.813545E+01   
 6.719885E+01   
 6.623614E+01   
 6.524793E+01   
 6.423487E+01   
 6.319756E+01   
 6.213665E+01   
 6.105277E+01   
 5.994656E+01   
 5.881866E+01   
 5.766970E+01   
 5.650031E+01   
 5.531114E+01   
 5.410281E+01   
 5.287594E+01   
 5.163117E+01   
 5.036911E+01   
 4.909037E+01   
 4.779556E+01   
 4.648528E+01   
 4.516011E+01   
 4.382066E+01   
 4.246748E+01   
 4.110116E+01   
 3.972225E+01   
 3.833131E+01   
 3.692889E+01   
 3.551550E+01   
 3.409169E+01   
 3.265798E+01   
 3.121486E+01   
 2.976285E+01   
 2.830243E+01   
 2.683408E+01   
 2.535829E+01   
 2.387552E+01   
 2.238623E+01   
 2.089088E+01   
 1.938990E+01   
 1.788374E+01   
 1.637284E+01   
 1.485760E+01   
 1.333847E+01   
 1.181585E+01   
 1.029016E+01   
 8.761794E+00   
 7.231169E+00   
 5.698681E+00   
 4.164729E+00   
 2.629708E+00   
 1.094013E+00   
-4.419615E-01   
-1.977823E+00   
-3.513178E+00   
-5.047632E+00   
-6.580790E+00   
-8.112255E+00   
-9.641627E+00   
-1.116850E+01   
-1.269248E+01   
-1.421314E+01   
-1.573008E+01   
-1.724288E+01   
-1.875110E+01   
-2.025433E+01   
-2.175213E+01   
-2.324405E+01   
-2.472964E+01   
-2.620845E+01   
-2.768001E+01   
-2.914386E+01   
-3.059950E+01   
-3.204645E+01   
-3.348422E+01   
-3.491230E+01   
-3.633017E+01   
-3.773732E+01   
-3.913320E+01   
-4.051728E+01   
-4.188901E+01   
-4.324784E+01   
-4.459319E+01   
-4.592449E+01   
-4.724116E+01   
-4.854262E+01   
-4.982825E+01   
-5.109747E+01   
-5.234965E+01   
-5.358420E+01   
-5.480047E+01   
-5.599785E+01   
-5.717572E+01   
-5.833343E+01   
-5.947035E+01   
-6.058585E+01   
-6.167928E+01   
-6.275002E+01   
-6.379743E+01   
-6.482086E+01   
-6.581970E+01   
-6.679330E+01   
-6.774107E+01   
-6.866236E+01   
-6.955659E+01   
-7.042314E+01   
-7.126144E+01   
-7.207089E+01   
-7.285094E+01   
-7.360102E+01   
-7.432061E+01   
-7.500917E+01   
-7.566619E+01   
-7.629119E+01   
-7.688370E+01   
-7.744326E+01   
-7.796945E+01   
-7.846185E+01   
-7.892009E+01   
-7.934379E+01   
-7.973263E+01   
-8.008628E+01   
-8.040448E+01   
-8.068696E+01   
-8.093349E+01   
-8.114386E+01   
-8.131792E+01   
-8.145551E+01   
-8.155651E+01   
-8.162086E+01   
-8.164849E+01   
-8.163938E+01   
-8.159354E+01   
-8.151101E+01   
-8.139185E+01   
-8.123616E+01   
-8.104408E+01   
-8.081575E+01   
-8.055137E+01   
-8.025116E+01   
-7.991534E+01   
-7.954420E+01   
-7.913804E+01   
-7.869717E+01   
-7.822195E+01   
-7.771274E+01   
-7.716995E+01   
-7.659400E+01   
-7.598532E+01   
-7.534438E+01   
-7.467166E+01   
-7.396765E+01   
-7.323288E+01   
-7.246787E+01   
-7.167317E+01   
-7.084935E+01   
-6.999697E+01   
-6.911662E+01   
-6.820889E+01   
-6.727440E+01   
-6.631374E+01   
-6.532755E+01   
-6.431644E+01   
-6.328104E+01   
-6.222198E+01   
-6.113991E+01   
-6.003546E+01   
-5.890926E+01   
-5.776195E+01   
-5.659417E+01   
-5.540654E+01   
-5.419972E+01   
-5.297431E+01   
-5.173094E+01   
-5.047023E+01   
-4.919280E+01   
-4.789924E+01   
-4.659017E+01   
-4.526617E+01   
-4.392783E+01   
-4.257573E+01   
-4.121043E+01   
-3.983251E+01   
-3.844251E+01   
-3.704097E+01   
-3.562844E+01   
-3.420545E+01   
-3.277250E+01   
-3.133011E+01   
-2.987879E+01   
-2.841902E+01   
-2.695129E+01   
-2.547608E+01   
-2.399385E+01   
-2.250506E+01   
-2.101017E+01   
-1.950963E+01   
-1.800386E+01   
-1.649332E+01   
-1.497841E+01   
-1.345958E+01   
-1.193722E+01   
-1.041175E+01   
-8.883590E+00   
-7.353130E+00   
-5.820776E+00   
-4.286926E+00   
-2.751976E+00   
-1.216320E+00   
 3.196467E-01   
 1.855532E+00   
 3.390941E+00   
 4.925482E+00   
 6.458758E+00   
 7.990372E+00   
 9.519925E+00   
 1.104701E+01   
 1.257124E+01   
 1.409218E+01   
 1.560943E+01   
 1.712257E+01   
 1.863118E+01   
 2.013482E+01   
 2.163307E+01   
 2.312547E+01   
 2.461158E+01   
 2.609095E+01   
 2.756311E+01   
 2.902758E+01   
 3.048390E+01   
 3.193156E+01   
 3.337008E+01   
 3.479895E+01   
 3.621765E+01   
 3.762567E+01   
 3.902247E+01   
 4.040751E+01   
 4.178025E+01   
 4.314012E+01   
 4.448656E+01   
 4.581900E+01   
 4.713686E+01   
 4.843955E+01   
 4.972647E+01   
 5.099701E+01   
 5.225058E+01   
 5.348655E+01   
 5.470430E+01   
 5.590321E+01   
 5.708265E+01   
 5.824199E+01   
 5.938059E+01   
 6.049782E+01   
 6.159303E+01   
 6.266560E+01   
 6.371489E+01   
 6.474025E+01   
 6.574107E+01   
 6.671671E+01   
 6.766655E+01   
 6.858998E+01   
 6.948639E+01   
 7.035517E+01   
 7.119573E+01   
 7.200750E+01   
 7.278991E+01   
 7.354240E+01   
 7.426443E+01   
 7.495548E+01   
 7.561504E+01   
 7.624261E+01   
 7.683772E+01   
 7.739992E+01   
 7.792878E+01   
 7.842389E+01   
 7.888486E+01   
 7.931132E+01   
 7.970295E+01   
 8.005942E+01   
 8.038045E+01   
 8.066578E+01   
 8.091518E+01   
 8.112844E+01   
 8.130539E+01   
 8.144589E+01   
 8.154981E+01   
 8.161708E+01   
 8.164764E+01   
 8.164145E+01   
 8.159854E+01   
 8.151892E+01   
 8.140268E+01   
 8.124990E+01   
 8.106071E+01   
 8.083526E+01   
 8.057374E+01   
 8.027637E+01   
 7.994338E+01   
 7.957505E+01   
 7.917166E+01   
 7.873354E+01   
 7.826104E+01   
 7.775453E+01   
 7.721440E+01   
 7.664107E+01   
 7.603498E+01   
 7.539659E+01   
 7.472638E+01   
 7.402485E+01   
 7.329251E+01   
 7.252989E+01   
 7.173753E+01   
 7.091601E+01   
 7.006588E+01   
 6.918773E+01   
 6.828217E+01   
 6.734978E+01   
 6.639119E+01   
 6.540700E+01   
 6.439785E+01   
 6.336436E+01   
 6.230717E+01   
 6.122691E+01   
 6.012421E+01   
 5.899972E+01   
 5.785407E+01   
 5.668789E+01   
 5.550183E+01   
 5.429651E+01   
 5.307255E+01   
 5.183059E+01   
 5.057125E+01   
 4.929512E+01   
 4.800283E+01   
 4.669497E+01   
 4.537214E+01   
 4.403492E+01   
 4.268389E+01   
 4.131963E+01   
 3.994269E+01   
 3.855363E+01   
 3.715299E+01   
 3.574132E+01   
 3.431913E+01   
 3.288696E+01   
 3.144531E+01   
 2.999468E+01   
 2.853556E+01   
 2.706845E+01   
 2.559381E+01   
 2.411213E+01   
 2.262384E+01   
 2.112943E+01   
 1.962931E+01   
 1.812395E+01   
 1.661377E+01   
 1.509920E+01   
 1.358066E+01   
 1.205857E+01   
 1.053333E+01   
 9.005371E+00   
 7.475079E+00   
 5.942862E+00   
 4.409116E+00   
 2.874239E+00   
 1.338625E+00   
-1.973313E-01   
-1.733237E+00   
-3.268699E+00   
-4.803323E+00   
-6.336714E+00   
-7.868475E+00   
-9.398207E+00   
-1.092551E+01   
-1.244997E+01   
-1.397119E+01   
-1.548875E+01   
-1.700224E+01   
-1.851122E+01   
-2.001527E+01   
-2.151397E+01   
-2.300685E+01   
-2.449348E+01   
-2.597340E+01   
-2.744615E+01   
-2.891125E+01   
-3.036824E+01   
-3.181661E+01   
-3.325587E+01   
-3.468553E+01   
-3.610506E+01   
-3.751395E+01   
-3.891166E+01   
-4.029766E+01   
-4.167139E+01   
-4.303231E+01   
-4.437985E+01   
-4.571343E+01   
-4.703247E+01   
-4.833638E+01   
-4.962458E+01   
-5.089645E+01   
-5.215139E+01   
-5.338878E+01   
-5.460801E+01   
-5.580844E+01   
-5.698946E+01   
-5.815042E+01   
-5.929070E+01   
-6.040965E+01   
-6.150664E+01   
-6.258104E+01   
-6.363220E+01   
-6.465949E+01   
-6.566229E+01   
-6.663996E+01   
-6.759188E+01   
-6.851743E+01   
-6.941601E+01   
-7.028701E+01   
-7.112984E+01   
-7.194393E+01   
-7.272870E+01   
-7.348359E+01   
-7.420807E+01   
-7.490160E+01   
-7.556368E+01   
-7.619381E+01   
-7.679153E+01   
-7.735637E+01   
-7.788790E+01   
-7.838571E+01   
-7.884941E+01   
-7.927863E+01   
-7.967305E+01   
-8.003233E+01   
-8.035619E+01   
-8.064437E+01   
-8.089664E+01   
-8.111279E+01   
-8.129263E+01   
-8.143604E+01   
-8.154288E+01   
-8.161307E+01   
-8.164655E+01   
-8.164329E+01   
-8.160330E+01   
-8.152661E+01   
-8.141328E+01   
-8.126340E+01   
-8.107710E+01   
-8.085454E+01   
-8.059589E+01   
-8.030136E+01   
-7.997120E+01   
-7.960567E+01   
-7.920506E+01   
-7.876969E+01   
-7.829992E+01   
-7.779610E+01   
-7.725863E+01   
-7.668793E+01   
-7.608444E+01   
-7.544860E+01   
-7.478091E+01   
-7.408185E+01   
-7.335194E+01   
-7.259171E+01   
-7.180171E+01   
-7.098248E+01   
-7.013461E+01   
-6.925868E+01   
-6.835527E+01   
-6.742500E+01   
-6.646847E+01   
-6.548630E+01   
-6.447911E+01   
-6.344754E+01   
-6.239221E+01   
-6.131376E+01   
-6.021283E+01   
-5.909005E+01   
-5.794606E+01   
-5.678150E+01   
-5.559699E+01   
-5.439318E+01   
-5.317069E+01   
-5.193014E+01   
-5.067215E+01   
-4.939734E+01   
-4.810632E+01   
-4.679968E+01   
-4.547801E+01   
-4.414192E+01   
-4.279197E+01   
-4.142874E+01   
-4.005279E+01   
-3.866467E+01   
-3.726494E+01   
-3.585412E+01   
-3.443276E+01   
-3.300136E+01   
-3.156045E+01   
-3.011051E+01   
-2.865206E+01   
-2.718556E+01   
-2.571151E+01   
-2.423036E+01   
-2.274259E+01   
-2.124864E+01   
-1.974897E+01   
-1.824401E+01   
-1.673420E+01   
-1.521996E+01   
-1.370172E+01   
-1.217990E+01   
-1.065490E+01   
-9.127137E+00   
-7.597016E+00   
-6.064937E+00   
-4.531299E+00   
-2.996497E+00   
-1.460928E+00   
 7.501565E-02   
 1.610940E+00   
 3.146452E+00   
 4.681157E+00   
 6.214661E+00   
 7.746566E+00   
 9.276474E+00   
 1.080398E+01   
 1.232869E+01   
 1.385018E+01   
 1.536805E+01   
 1.688187E+01   
 1.839123E+01   
 1.989569E+01   
 2.139483E+01   
 2.288819E+01   
 2.437534E+01   
 2.585581E+01   
 2.732915E+01   
 2.879488E+01   
 3.025252E+01   
 3.170160E+01   
 3.314161E+01   
 3.457204E+01   
 3.599240E+01   
 3.740216E+01   
 3.880078E+01   
 4.018773E+01   
 4.156246E+01   
 4.292442E+01   
 4.427304E+01   
 4.560775E+01   
 4.692797E+01   
 4.823312E+01   
 4.952259E+01   
 5.079578E+01   
 5.205209E+01   
 5.329090E+01   
 5.451160E+01   
 5.571355E+01   
 5.689614E+01   
 5.805872E+01   
 5.920067E+01   
 6.032134E+01   
 6.142010E+01   
 6.249632E+01   
 6.354936E+01   
 6.457858E+01   
 6.558335E+01   
 6.656304E+01   
 6.751703E+01   
 6.844471E+01   
 6.934545E+01   
 7.021867E+01   
 7.106377E+01   
 7.188017E+01   
 7.266729E+01   
 7.342458E+01   
 7.415150E+01   
 7.484752E+01   
 7.551212E+01   
 7.614482E+01   
 7.674513E+01   
 7.731260E+01   
 7.784680E+01   
 7.834731E+01   
 7.881374E+01   
 7.924572E+01   
 7.964292E+01   
 8.000501E+01   
 8.033170E+01   
 8.062274E+01   
 8.087787E+01   
 8.109690E+01   
 8.127965E+01   
 8.142596E+01   
 8.153571E+01   
 8.160882E+01   
 8.164523E+01   
 8.164490E+01   
 8.160783E+01   
 8.153406E+01   
 8.142364E+01   
 8.127667E+01   
 8.109327E+01   
 8.087359E+01   
 8.061780E+01   
 8.032612E+01   
 7.999879E+01   
 7.963606E+01   
 7.923824E+01   
 7.880563E+01   
 7.833858E+01   
 7.783746E+01   
 7.730266E+01   
 7.673459E+01   
 7.613369E+01   
 7.550041E+01   
 7.483524E+01   
 7.413866E+01   
 7.341119E+01   
 7.265335E+01   
 7.186569E+01   
 7.104878E+01   
 7.020316E+01   
 6.932944E+01   
 6.842820E+01   
 6.750005E+01   
 6.654559E+01   
 6.556544E+01   
 6.456022E+01   
 6.353057E+01   
 6.247711E+01   
 6.140048E+01   
 6.030131E+01   
 5.918025E+01   
 5.803792E+01   
 5.687497E+01   
 5.569203E+01   
 5.448974E+01   
 5.326871E+01   
 5.202958E+01   
 5.077295E+01   
 4.949946E+01   
 4.820970E+01   
 4.690428E+01   
 4.558380E+01   
 4.424883E+01   
 4.289996E+01   
 4.153777E+01   
 4.016281E+01   
 3.877564E+01   
 3.737682E+01   
 3.596687E+01   
 3.454632E+01   
 3.311570E+01   
 3.167553E+01   
 3.022629E+01   
 2.876850E+01   
 2.730263E+01   
 2.582916E+01   
 2.434856E+01   
 2.286130E+01   
 2.136783E+01   
 1.986859E+01   
 1.836404E+01   
 1.685460E+01   
 1.534069E+01   
 1.382276E+01   
 1.230120E+01   
 1.077644E+01   
 9.248889E+00   
 7.718941E+00   
 6.187003E+00   
 4.653474E+00   
 3.118751E+00   
 1.583228E+00   
 4.730014E-02   
-1.488640E+00   
-3.024199E+00   
-4.558983E+00   
-6.092597E+00   
-7.624644E+00   
-9.154726E+00   
-1.068244E+01   
-1.220738E+01   
-1.372915E+01   
-1.524732E+01   
-1.676148E+01   
-1.827121E+01   
-1.977608E+01   
-2.127565E+01   
-2.276949E+01   
-2.425715E+01   
-2.573817E+01   
-2.721209E+01   
-2.867845E+01   
-3.013675E+01   
-3.158653E+01   
-3.302728E+01   
-3.445850E+01   
-3.587968E+01   
-3.729029E+01   
-3.868982E+01   
-4.007772E+01   
-4.145345E+01   
-4.281645E+01   
-4.416615E+01   
-4.550199E+01   
-4.682339E+01   
-4.812975E+01   
-4.942049E+01   
-5.069500E+01   
-5.195268E+01   
-5.319291E+01   
-5.441507E+01   
-5.561854E+01   
-5.680269E+01   
-5.796689E+01   
-5.911050E+01   
-6.023289E+01   
-6.133342E+01   
-6.241146E+01   
-6.346637E+01   
-6.449750E+01   
-6.550424E+01   
-6.648596E+01   
-6.744202E+01   
-6.837181E+01   
-6.927473E+01   
-7.015016E+01   
-7.099752E+01   
-7.181622E+01   
-7.260570E+01   
-7.336538E+01   
-7.409474E+01   
-7.479324E+01   
-7.546036E+01   
-7.609561E+01   
-7.669852E+01   
-7.726863E+01   
-7.780549E+01   
-7.830870E+01   
-7.877785E+01   
-7.921260E+01   
-7.961257E+01   
-7.997747E+01   
-8.030699E+01   
-8.060087E+01   
-8.085887E+01   
-8.108079E+01   
-8.126643E+01   
-8.141564E+01   
-8.152832E+01   
-8.160435E+01   
-8.164368E+01   
-8.164627E+01   
-8.161213E+01   
-8.154128E+01   
-8.143378E+01   
-8.128971E+01   
-8.110921E+01   
-8.089241E+01   
-8.063949E+01   
-8.035066E+01   
-8.002616E+01   
-7.966624E+01   
-7.927120E+01   
-7.884134E+01   
-7.837703E+01   
-7.787860E+01   
-7.734647E+01   
-7.678103E+01   
-7.618273E+01   
-7.555202E+01   
-7.488936E+01   
-7.419527E+01   
-7.347024E+01   
-7.271480E+01   
-7.192950E+01   
-7.111489E+01   
-7.027154E+01   
-6.940004E+01   
-6.850097E+01   
-6.757493E+01   
-6.662254E+01   
-6.564441E+01   
-6.464117E+01   
-6.361344E+01   
-6.256185E+01   
-6.148705E+01   
-6.038965E+01   
-5.927031E+01   
-5.812965E+01   
-5.696832E+01   
-5.578695E+01   
-5.458617E+01   
-5.336661E+01   
-5.212890E+01   
-5.087365E+01   
-4.960148E+01   
-4.831299E+01   
-4.700880E+01   
-4.568949E+01   
-4.435565E+01   
-4.300787E+01   
-4.164672E+01   
-4.027276E+01   
-3.888654E+01   
-3.748862E+01   
-3.607954E+01   
-3.465982E+01   
-3.322999E+01   
-3.179055E+01   
-3.034202E+01   
-2.888489E+01   
-2.741964E+01   
-2.594676E+01   
-2.446671E+01   
-2.297997E+01   
-2.148697E+01   
-1.998818E+01   
-1.848403E+01   
-1.697497E+01   
-1.546140E+01   
-1.394377E+01   
-1.242249E+01   
-1.089797E+01   
-9.370625E+00   
-7.840853E+00   
-6.309059E+00   
-4.775642E+00   
-3.241000E+00   
-1.705526E+00   
-1.696158E-01   
 1.366338E+00   
 2.901942E+00   
 4.436802E+00   
 5.970524E+00   
 7.502710E+00   
 9.032963E+00   
 1.056088E+01   
 1.208606E+01   
 1.360809E+01   
 1.512656E+01   
 1.664106E+01   
 1.815116E+01   
 1.965643E+01   
 2.115644E+01   
 2.265075E+01   
 2.413892E+01   
 2.562049E+01   
 2.709499E+01   
 2.856196E+01   
 3.002093E+01   
 3.147140E+01   
 3.291289E+01   
 3.434489E+01   
 3.576688E+01   
 3.717836E+01   
 3.857879E+01   
 3.996764E+01   
 4.134436E+01   
 4.270839E+01   
 4.405917E+01   
 4.539614E+01   
 4.671870E+01   
 4.802629E+01   
 4.931829E+01   
 5.059412E+01   
 5.185316E+01   
 5.309480E+01   
 5.431842E+01   
 5.552340E+01   
 5.670911E+01   
 5.787493E+01   
 5.902020E+01   
 6.014431E+01   
 6.124660E+01   
 6.232645E+01   
 6.338322E+01   
