-8.263912E+01   
-8.359760E+01   
-8.451250E+01   
-8.538285E+01   
-8.620772E+01   
-8.698624E+01   
-8.771756E+01   
-8.840088E+01   
-8.903546E+01   
-8.962061E+01   
-9.015567E+01   
-9.064008E+01   
-9.107328E+01   
-9.145482E+01   
-9.178428E+01   
-9.206131E+01   
-9.228563E+01   
-9.245702E+01   
-9.257531E+01   
-9.264042E+01   
-9.265231E+01   
-9.261103E+01   
-9.251668E+01   
-9.236944E+01   
-9.216954E+01   
-9.191729E+01   
-9.161304E+01   
-9.125723E+01   
-9.085035E+01   
-9.039294E+01   
-8.988562E+01   
-8.932906E+01   
-8.872397E+01   
-8.807112E+01   
-8.737135E+01   
-8.662553E+01   
-8.583457E+01   
-8.499943E+01   
-8.412113E+01   
-8.320069E+01   
-8.223920E+01   
-8.123776E+01   
-8.019751E+01   
-7.911962E+01   
-7.800527E+01   
-7.685567E+01   
-7.567205E+01   
-7.445565E+01   
-7.320773E+01   
-7.192954E+01   
-7.062235E+01   
-6.928745E+01   
-6.792610E+01   
-6.653958E+01   
-6.512916E+01   
-6.369611E+01   
-6.224168E+01   
-6.076712E+01   
-5.927367E+01   
-5.776255E+01   
-5.623496E+01   
-5.469209E+01   
-5.313511E+01   
-5.156517E+01   
-4.998340E+01   
-4.839090E+01   
-4.678875E+01   
-4.517801E+01   
-4.355970E+01   
-4.193483E+01   
-4.030437E+01   
-3.866928E+01   
-3.703047E+01   
-3.538882E+01   
-3.374521E+01   
-3.210047E+01   
-3.045539E+01   
-2.881076E+01   
-2.716731E+01   
-2.552576E+01   
-2.388680E+01   
-2.225109E+01   
-2.061925E+01   
-1.899189E+01   
-1.736958E+01   
-1.575287E+01   
-1.414228E+01   
-1.253830E+01   
-1.094141E+01   
-9.352052E+00   
-7.770643E+00   
-6.197585E+00   
-4.633255E+00   
-3.078007E+00   
-1.532176E+00   
 3.923310E-03   
 1.529995E+00   
 3.045762E+00   
 4.550962E+00   
 6.045352E+00   
 7.528701E+00   
 9.000796E+00   
 1.046143E+01   
 1.191043E+01   
 1.334760E+01   
 1.477278E+01   
 1.618582E+01   
 1.758656E+01   
 1.897487E+01   
 2.035061E+01   
 2.171366E+01   
 2.306389E+01   
 2.440120E+01   
 2.572546E+01   
 2.703657E+01   
 2.833442E+01   
 2.961890E+01   
 3.088991E+01   
 3.214735E+01   
 3.339110E+01   
 3.462107E+01   
 3.583715E+01   
 3.703921E+01   
 3.822716E+01   
 3.940088E+01   
 4.056024E+01   
 4.170512E+01   
 4.283539E+01   
 4.395092E+01   
 4.505157E+01   
 4.613720E+01   
 4.720766E+01   
 4.826279E+01   
 4.930242E+01   
 5.032641E+01   
 5.133456E+01   
 5.232670E+01   
 5.330265E+01   
 5.426221E+01   
 5.520518E+01   
 5.613137E+01   
 5.704056E+01   
 5.793254E+01   
 5.880708E+01   
 5.966397E+01   
 6.050296E+01   
 6.132383E+01   
 6.212634E+01   
 6.291024E+01   
 6.367528E+01   
 6.442122E+01   
 6.514780E+01   
 6.585477E+01   
 6.654187E+01   
 6.720885E+01   
 6.785543E+01   
 6.848137E+01   
 6.908641E+01   
 6.967027E+01   
 7.023272E+01   
 7.077349E+01   
 7.129232E+01   
 7.178896E+01   
 7.226318E+01   
 7.271471E+01   
 7.314333E+01   
 7.354879E+01   
 7.393087E+01   
 7.428933E+01   
 7.462397E+01   
 7.493457E+01   
 7.522091E+01   
 7.548281E+01   
 7.572008E+01   
 7.593252E+01   
 7.611997E+01   
 7.628227E+01   
 7.641924E+01   
 7.653076E+01   
 7.661667E+01   
 7.667686E+01   
 7.671121E+01   
 7.671959E+01   
 7.670193E+01   
 7.665813E+01   
 7.658812E+01   
 7.649182E+01   
 7.636918E+01   
 7.622016E+01   
 7.604472E+01   
 7.584283E+01   
 7.561449E+01   
 7.535968E+01   
 7.507841E+01   
 7.477070E+01   
 7.443657E+01   
 7.407605E+01   
 7.368919E+01   
 7.327605E+01   
 7.283668E+01   
 7.237116E+01   
 7.187955E+01   
 7.136196E+01   
 7.081848E+01   
 7.024920E+01   
 6.965424E+01   
 6.903371E+01   
 6.838775E+01   
 6.771647E+01   
 6.702002E+01   
 6.629853E+01   
 6.555217E+01   
 6.478107E+01   
 6.398541E+01   
 6.316535E+01   
 6.232105E+01   
 6.145269E+01   
 6.056046E+01   
 5.964453E+01   
 5.870510E+01   
 5.774235E+01   
 5.675649E+01   
 5.574771E+01   
 5.471622E+01   
 5.366224E+01   
 5.258597E+01   
 5.148763E+01   
 5.036744E+01   
 4.922564E+01   
 4.806245E+01   
 4.687810E+01   
 4.567284E+01   
 4.444691E+01   
 4.320056E+01   
 4.193405E+01   
 4.064762E+01   
 3.934155E+01   
 3.801612E+01   
 3.667158E+01   
 3.530823E+01   
 3.392637E+01   
 3.252627E+01   
 3.110825E+01   
 2.967262E+01   
 2.821969E+01   
 2.674980E+01   
 2.526328E+01   
 2.376048E+01   
 2.224174E+01   
 2.070743E+01   
 1.915794E+01   
 1.759363E+01   
 1.601492E+01   
 1.442220E+01   
 1.281589E+01   
 1.119644E+01   
 9.564282E+00   
 7.919877E+00   
 6.263697E+00   
 4.596232E+00   
 2.917982E+00   
 1.229465E+00   
-4.687843E-01   
-2.176217E+00   
-3.892267E+00   
-5.616349E+00   
-7.347862E+00   
-9.086186E+00   
-1.083068E+01   
-1.258070E+01   
-1.433555E+01   
-1.609454E+01   
-1.785695E+01   
-1.962206E+01   
-2.138909E+01   
-2.315727E+01   
-2.492580E+01   
-2.669385E+01   
-2.846058E+01   
-3.022513E+01   
-3.198661E+01   
-3.374411E+01   
-3.549669E+01   
-3.724341E+01   
-3.898329E+01   
-4.071533E+01   
-4.243852E+01   
-4.415181E+01   
-4.585416E+01   
-4.754449E+01   
-4.922170E+01   
-5.088467E+01   
-5.253229E+01   
-5.416340E+01   
-5.577684E+01   
-5.737145E+01   
-5.894602E+01   
-6.049937E+01   
-6.203029E+01   
-6.353756E+01   
-6.501997E+01   
-6.647628E+01   
-6.790528E+01   
-6.930573E+01   
-7.067641E+01   
-7.201610E+01   
-7.332358E+01   
-7.459766E+01   
-7.583713E+01   
-7.704081E+01   
-7.820755E+01   
-7.933620E+01   
-8.042564E+01   
-8.147476E+01   
-8.248251E+01   
-8.344784E+01   
-8.436974E+01   
-8.524725E+01   
-8.607943E+01   
-8.686539E+01   
-8.760428E+01   
-8.829529E+01   
-8.893769E+01   
-8.953075E+01   
-9.007383E+01   
-9.056634E+01   
-9.100773E+01   
-9.139753E+01   
-9.173531E+01   
-9.202072E+01   
-9.225345E+01   
-9.243328E+01   
-9.256003E+01   
-9.263361E+01   
-9.265398E+01   
-9.262116E+01   
-9.253526E+01   
-9.239643E+01   
-9.220489E+01   
-9.196095E+01   
-9.166496E+01   
-9.131733E+01   
-9.091855E+01   
-9.046915E+01   
-8.996974E+01   
-8.942097E+01   
-8.882356E+01   
-8.817826E+01   
-8.748591E+01   
-8.674736E+01   
-8.596352E+01   
-8.513536E+01   
-8.426386E+01   
-8.335006E+01   
-8.239503E+01   
-8.139988E+01   
-8.036574E+01   
-7.929376E+01   
-7.818514E+01   
-7.704107E+01   
-7.586279E+01   
-7.465153E+01   
-7.340854E+01   
-7.213508E+01   
-7.083243E+01   
-6.950185E+01   
-6.814463E+01   
-6.676204E+01   
-6.535534E+01   
-6.392581E+01   
-6.247470E+01   
-6.100327E+01   
-5.951274E+01   
-5.800435E+01   
-5.647931E+01   
-5.493879E+01   
-5.338398E+01   
-5.181603E+01   
-5.023607E+01   
-4.864520E+01   
-4.704452E+01   
-4.543507E+01   
-4.381790E+01   
-4.219401E+01   
-4.056438E+01   
-3.892997E+01   
-3.729168E+01   
-3.565043E+01   
-3.400708E+01   
-3.236246E+01   
-3.071739E+01   
-2.907263E+01   
-2.742894E+01   
-2.578705E+01   
-2.414763E+01   
-2.251136E+01   
-2.087886E+01   
-1.925075E+01   
-1.762760E+01   
-1.600996E+01   
-1.439836E+01   
-1.279330E+01   
-1.119525E+01   
-9.604660E+00   
-8.021958E+00   
-6.447544E+00   
-4.881800E+00   
-3.325082E+00   
-1.777730E+00   
-2.400602E-01   
 1.287628E+00   
 2.805053E+00   
 4.311953E+00   
 5.808081E+00   
 7.293203E+00   
 8.767105E+00   
 1.022958E+01   
 1.168044E+01   
 1.311951E+01   
 1.454661E+01   
 1.596159E+01   
 1.736430E+01   
 1.875460E+01   
 2.013235E+01   
 2.149743E+01   
 2.284971E+01   
 2.418908E+01   
 2.551543E+01   
 2.682864E+01   
 2.812861E+01   
 2.941522E+01   
 3.068839E+01   
 3.194799E+01   
 3.319394E+01   
 3.442611E+01   
 3.564440E+01   
 3.684871E+01   
 3.803891E+01   
 3.921490E+01   
 4.037656E+01   
 4.152375E+01   
 4.265636E+01   
 4.377425E+01   
 4.487728E+01   
 4.596531E+01   
 4.703819E+01   
 4.809577E+01   
 4.913789E+01   
 5.016438E+01   
 5.117506E+01   
 5.216977E+01   
 5.314831E+01   
 5.411049E+01   
 5.505612E+01   
 5.598500E+01   
 5.689691E+01   
 5.779164E+01   
 5.866897E+01   
 5.952869E+01   
 6.037055E+01   
 6.119432E+01   
 6.199977E+01   
 6.278665E+01   
 6.355471E+01   
 6.430371E+01   
 6.503339E+01   
 6.574350E+01   
 6.643378E+01   
 6.710398E+01   
 6.775383E+01   
 6.838308E+01   
 6.899146E+01   
 6.957871E+01   
 7.014459E+01   
 7.068882E+01   
 7.121116E+01   
 7.171136E+01   
 7.218916E+01   
 7.264433E+01   
 7.307661E+01   
 7.348578E+01   
 7.387159E+01   
 7.423383E+01   
 7.457228E+01   
 7.488672E+01   
 7.517694E+01   
 7.544275E+01   
 7.568395E+01   
 7.590036E+01   
 7.609180E+01   
 7.625811E+01   
 7.639913E+01   
 7.651471E+01   
 7.660471E+01   
 7.666900E+01   
 7.670747E+01   
 7.672000E+01   
 7.670649E+01   
 7.666686E+01   
 7.660102E+01   
 7.650892E+01   
 7.639048E+01   
 7.624566E+01   
 7.607443E+01   
 7.587676E+01   
 7.565263E+01   
 7.540203E+01   
 7.512498E+01   
 7.482147E+01   
 7.449155E+01   
 7.413523E+01   
 7.375257E+01   
 7.334361E+01   
 7.290841E+01   
 7.244705E+01   
 7.195959E+01   
 7.144613E+01   
 7.090677E+01   
 7.034159E+01   
 6.975071E+01   
 6.913425E+01   
 6.849232E+01   
 6.782507E+01   
 6.713262E+01   
 6.641511E+01   
 6.567270E+01   
 6.490553E+01   
 6.411377E+01   
 6.329758E+01   
 6.245713E+01   
 6.159260E+01   
 6.070415E+01   
 5.979198E+01   
 5.885628E+01   
 5.789723E+01   
 5.691504E+01   
 5.590990E+01   
 5.488201E+01   
 5.383160E+01   
 5.275886E+01   
 5.166402E+01   
 5.054730E+01   
 4.940893E+01   
 4.824913E+01   
 4.706814E+01   
 4.586619E+01   
 4.464354E+01   
 4.340042E+01   
 4.213710E+01   
 4.085383E+01   
 3.955087E+01   
 3.822850E+01   
 3.688699E+01   
 3.552662E+01   
 3.414768E+01   
 3.275046E+01   
 3.133528E+01   
 2.990243E+01   
 2.845224E+01   
 2.698503E+01   
 2.550113E+01   
 2.400090E+01   
 2.248467E+01   
 2.095282E+01   
 1.940572E+01   
 1.784375E+01   
 1.626730E+01   
 1.467678E+01   
 1.307262E+01   
 1.145523E+01   
 9.825061E+00   
 8.182574E+00   
 6.528238E+00   
 4.862536E+00   
 3.185970E+00   
 1.499053E+00   
-1.976827E-01   
-1.903690E+00   
-3.618406E+00   
-5.341249E+00   
-7.071620E+00   
-8.808901E+00   
-1.055246E+01   
-1.230164E+01   
-1.405576E+01   
-1.581414E+01   
-1.757606E+01   
-1.934079E+01   
-2.110756E+01   
-2.287561E+01   
-2.464414E+01   
-2.641233E+01   
-2.817933E+01   
-2.994429E+01   
-3.170631E+01   
-3.346451E+01   
-3.521794E+01   
-3.696565E+01   
-3.870669E+01   
-4.044004E+01   
-4.216471E+01   
-4.387965E+01   
-4.558381E+01   
-4.727613E+01   
-4.895550E+01   
-5.062082E+01   
-5.227096E+01   
-5.390477E+01   
-5.552111E+01   
-5.711879E+01   
-5.869664E+01   
-6.025345E+01   
-6.178802E+01   
-6.329914E+01   
-6.478559E+01   
-6.624614E+01   
-6.767957E+01   
-6.908465E+01   
-7.046015E+01   
-7.180486E+01   
-7.311755E+01   
-7.439703E+01   
-7.564209E+01   
-7.685155E+01   
-7.802425E+01   
-7.915904E+01   
-8.025480E+01   
-8.131042E+01   
-8.232482E+01   
-8.329698E+01   
-8.422586E+01   
-8.511050E+01   
-8.594996E+01   
-8.674334E+01   
-8.748978E+01   
-8.818848E+01   
-8.883866E+01   
-8.943963E+01   
-8.999071E+01   
-9.049131E+01   
-9.094088E+01   
-9.133892E+01   
-9.168501E+01   
-9.197878E+01   
-9.221992E+01   
-9.240818E+01   
-9.254340E+01   
-9.262545E+01   
-9.265429E+01   
-9.262994E+01   
-9.255249E+01   
-9.242207E+01   
-9.223892E+01   
-9.200330E+01   
-9.171557E+01   
-9.137613E+01   
-9.098546E+01   
-9.054409E+01   
-9.005260E+01   
-8.951164E+01   
-8.892193E+01   
-8.828421E+01   
-8.759929E+01   
-8.686804E+01   
-8.609135E+01   
-8.527018E+01   
-8.440552E+01   
-8.349838E+01   
-8.254985E+01   
-8.156101E+01   
-8.053300E+01   
-7.946697E+01   
-7.836411E+01   
-7.722561E+01   
-7.605269E+01   
-7.484660E+01   
-7.360857E+01   
-7.233989E+01   
-7.104180E+01   
-6.971559E+01   
-6.836252E+01   
-6.698388E+01   
-6.558094E+01   
-6.415496E+01   
-6.270721E+01   
-6.123893E+01   
-5.975136E+01   
-5.824573E+01   
-5.672326E+01   
-5.518513E+01   
-5.363252E+01   
-5.206658E+01   
-5.048846E+01   
-4.889926E+01   
-4.730007E+01   
-4.569195E+01   
-4.407594E+01   
-4.245305E+01   
-4.082427E+01   
-3.919055E+01   
-3.755283E+01   
-3.591199E+01   
-3.426892E+01   
-3.262444E+01   
-3.097939E+01   
-2.933453E+01   
-2.769062E+01   
-2.604840E+01   
-2.440854E+01   
-2.277172E+01   
-2.113858E+01   
-1.950973E+01   
-1.788575E+01   
-1.626720E+01   
-1.465461E+01   
-1.304847E+01   
-1.144927E+01   
-9.857468E+00   
-8.273483E+00   
-6.697723E+00   
-5.130573E+00   
-3.572395E+00   
-2.023529E+00   
-4.842969E-01   
 1.045000E+00   
 2.564078E+00   
 4.072671E+00   
 5.570530E+00   
 7.057421E+00   
 8.533123E+00   
 9.997432E+00   
 1.145015E+01   
 1.289111E+01   
 1.432013E+01   
 1.573705E+01   
 1.714172E+01   
 1.853401E+01   
 1.991376E+01   
 2.128087E+01   
 2.263520E+01   
 2.397663E+01   
 2.530506E+01   
 2.662037E+01   
 2.792246E+01   
 2.921121E+01   
 3.048652E+01   
 3.174830E+01   
 3.299642E+01   
 3.423079E+01   
 3.545130E+01   
 3.665784E+01   
 3.785030E+01   
 3.902857E+01   
 4.019251E+01   
 4.134202E+01   
 4.247696E+01   
 4.359720E+01   
 4.470261E+01   
 4.579304E+01   
 4.686834E+01   
 4.792837E+01   
 4.897296E+01   
 5.000195E+01   
 5.101516E+01   
 5.201242E+01   
 5.299355E+01   
 5.395835E+01   
 5.490663E+01   
 5.583819E+01   
 5.675281E+01   
 5.765030E+01   
 5.853042E+01   
 5.939295E+01   
 6.023767E+01   
 6.106434E+01   
 6.187272E+01   
 6.266258E+01   
 6.343365E+01   
 6.418570E+01   
 6.491848E+01   
 6.563173E+01   
 6.632518E+01   
 6.699860E+01   
 6.765170E+01   
 6.828425E+01   
 6.889597E+01   
 6.948661E+01   
 7.005590E+01   
 7.060360E+01   
 7.112945E+01   
 7.163319E+01   
 7.211458E+01   
 7.257336E+01   
 7.300930E+01   
 7.342217E+01   
 7.381172E+01   
 7.417773E+01   
 7.451998E+01   
 7.483825E+01   
 7.513235E+01   
 7.540205E+01   
 7.564719E+01   
 7.586756E+01   
 7.606299E+01   
 7.623331E+01   
 7.637837E+01   
 7.649801E+01   
 7.659209E+01   
 7.666049E+01   
 7.670308E+01   
 7.671975E+01   
 7.671039E+01   
 7.667493E+01   
 7.661327E+01   
 7.652535E+01   
 7.641111E+01   
 7.627049E+01   
 7.610347E+01   
 7.591001E+01   
 7.569009E+01   
 7.544371E+01   
 7.517087E+01   
 7.487158E+01   
 7.454586E+01   
 7.419375E+01   
 7.381528E+01   
 7.341050E+01   
 7.297948E+01   
 7.252227E+01   
 7.203897E+01   
 7.152965E+01   
 7.099440E+01   
 7.043333E+01   
 6.984653E+01   
 6.923414E+01   
 6.859626E+01   
 6.793303E+01   
 6.724458E+01   
 6.653106E+01   
 6.579260E+01   
 6.502937E+01   
 6.424151E+01   
 6.342920E+01   
 6.259260E+01   
 6.173189E+01   
 6.084724E+01   
 5.993884E+01   
 5.900687E+01   
 5.805153E+01   
 5.707301E+01   
 5.607151E+01   
 5.504723E+01   
 5.400039E+01   
 5.293120E+01   
 5.183986E+01   
 5.072661E+01   
 4.959167E+01   
 4.843527E+01   
 4.725764E+01   
 4.605901E+01   
 4.483964E+01   
 4.359977E+01   
 4.233964E+01   
 4.105953E+01   
 3.975969E+01   
 3.844039E+01   
 3.710191E+01   
 3.574453E+01   
 3.436853E+01   
 3.297420E+01   
 3.156186E+01   
 3.013180E+01   
 2.868435E+01   
 2.721983E+01   
 2.573857E+01   
 2.424091E+01   
 2.272721E+01   
 2.119782E+01   
 1.965313E+01   
 1.809349E+01   
 1.651933E+01   
 1.493102E+01   
 1.332900E+01   
 1.171369E+01   
 1.008553E+01   
 8.444971E+00   
 6.792490E+00   
 5.128565E+00   
 3.453695E+00   
 1.768392E+00   
 7.318366E-02   
-1.631385E+00   
-3.344752E+00   
-5.066340E+00   
-6.795553E+00   
-8.531776E+00   
-1.027438E+01   
-1.202271E+01   
-1.377609E+01   
-1.553384E+01   
-1.729524E+01   
-1.905957E+01   
-2.082607E+01   
-2.259397E+01   
-2.436248E+01   
-2.613077E+01   
-2.789802E+01   
-2.966336E+01   
-3.142592E+01   
-3.318478E+01   
-3.493903E+01   
-3.668772E+01   
-3.842989E+01   
-4.016453E+01   
-4.189065E+01   
-4.360721E+01   
-4.531317E+01   
-4.700744E+01   
-4.868895E+01   
-5.035658E+01   
-5.200921E+01   
-5.364570E+01   
-5.526490E+01   
-5.686563E+01   
-5.844672E+01   
-6.000696E+01   
-6.154515E+01   
-6.306009E+01   
-6.455055E+01   
-6.601531E+01   
-6.745314E+01   
-6.886282E+01   
-7.024311E+01   
-7.159281E+01   
-7.291068E+01   
-7.419553E+01   
-7.544615E+01   
-7.666136E+01   
-7.783999E+01   
-7.898089E+01   
-8.008294E+01   
-8.114502E+01   
-8.216607E+01   
-8.314502E+01   
-8.408086E+01   
-8.497261E+01   
-8.581933E+01   
-8.662010E+01   
-8.737408E+01   
-8.808043E+01   
-8.873839E+01   
-8.934724E+01   
-8.990631E+01   
-9.041499E+01   
-9.087272E+01   
-9.127900E+01   
-9.163339E+01   
-9.193551E+01   
-9.218505E+01   
-9.238175E+01   
-9.252542E+01   
-9.261595E+01   
-9.265326E+01   
-9.263738E+01   
-9.256837E+01   
-9.244638E+01   
-9.227161E+01   
-9.204432E+01   
-9.176487E+01   
-9.143364E+01   
-9.105109E+01   
-9.061775E+01   
-9.013420E+01   
-8.960108E+01   
-8.901908E+01   
-8.838896E+01   
-8.771150E+01   
-8.698757E+01   
-8.621806E+01   
-8.540390E+01   
-8.454610E+01   
-8.364566E+01   
-8.270365E+01   
-8.172115E+01   
-8.069931E+01   
-7.963925E+01   
-7.854217E+01   
-7.740927E+01   
-7.624175E+01   
-7.504085E+01   
-7.380783E+01   
-7.254394E+01   
-7.125046E+01   
-6.992864E+01   
-6.857976E+01   
-6.720511E+01   
-6.580596E+01   
-6.438356E+01   
-6.293919E+01   
-6.147410E+01   
-5.998952E+01   
