


A.  .MODEL_1.Last_Run.NONE_2_XFORM.VX (mm/sec)

       A         
 2.754768E+02   
 2.523502E+02   
 2.290749E+02   
 2.056645E+02   
 1.821328E+02   
 1.584935E+02   
 1.347605E+02   
 1.109479E+02   
 8.706969E+01   
 6.313995E+01   
 3.917284E+01   
 1.518254E+01   
-8.816739E+00   
-3.281080E+01   
-5.678545E+01   
-8.072648E+01   
-1.046198E+02   
-1.284511E+02   
-1.522066E+02   
-1.758721E+02   
-1.994337E+02   
-2.228776E+02   
-2.461901E+02   
-2.693575E+02   
-2.923663E+02   
-3.152031E+02   
-3.378548E+02   
-3.603082E+02   
-3.825504E+02   
-4.045688E+02   
-4.263507E+02   
-4.478839E+02   
-4.691562E+02   
-4.901558E+02   
-5.108708E+02   
-5.312900E+02   
-5.514021E+02   
-5.711963E+02   
-5.906617E+02   
-6.097882E+02   
-6.285655E+02   
-6.469840E+02   
-6.650341E+02   
-6.827066E+02   
-6.999927E+02   
-7.168839E+02   
-7.333719E+02   
-7.494489E+02   
-7.651074E+02   
-7.803403E+02   
-7.951407E+02   
-8.095022E+02   
-8.234188E+02   
-8.368847E+02   
-8.498946E+02   
-8.624436E+02   
-8.745271E+02   
-8.861410E+02   
-8.972813E+02   
-9.079448E+02   
-9.181284E+02   
-9.278295E+02   
-9.370458E+02   
-9.457754E+02   
-9.540169E+02   
-9.617692E+02   
-9.690315E+02   
-9.758036E+02   
-9.820855E+02   
-9.878775E+02   
-9.931805E+02   
-9.979956E+02   
-1.002324E+03   
-1.006168E+03   
-1.009530E+03   
-1.012412E+03   
-1.014817E+03   
-1.016748E+03   
-1.018208E+03   
-1.019202E+03   
-1.019734E+03   
-1.019807E+03   
-1.019427E+03   
-1.018598E+03   
-1.017326E+03   
-1.015615E+03   
-1.013473E+03   
-1.010903E+03   
-1.007914E+03   
-1.004510E+03   
-1.000698E+03   
-9.964852E+02   
-9.918780E+02   
-9.868833E+02   
-9.815084E+02   
-9.757602E+02   
-9.696462E+02   
-9.631738E+02   
-9.563505E+02   
-9.491839E+02   
-9.416815E+02   
-9.338512E+02   
-9.257006E+02   
-9.172375E+02   
-9.084697E+02   
-8.994051E+02   
-8.900514E+02   
-8.804163E+02   
-8.705078E+02   
-8.603334E+02   
-8.499009E+02   
-8.392180E+02   
-8.282922E+02   
-8.171311E+02   
-8.057420E+02   
-7.941324E+02   
-7.823095E+02   
-7.702806E+02   
-7.580526E+02   
-7.456326E+02   
-7.330273E+02   
-7.202437E+02   
-7.072882E+02   
-6.941674E+02   
-6.808876E+02   
-6.674550E+02   
-6.538758E+02   
-6.401559E+02   
-6.263012E+02   
-6.123172E+02   
-5.982095E+02   
-5.839836E+02   
-5.696446E+02   
-5.551976E+02   
-5.406476E+02   
-5.259994E+02   
-5.112577E+02   
-4.964269E+02   
-4.815115E+02   
-4.665157E+02   
-4.514435E+02   
-4.362991E+02   
-4.210861E+02   
-4.058083E+02   
-3.904693E+02   
-3.750725E+02   
-3.596212E+02   
-3.441187E+02   
-3.285680E+02   
-3.129722E+02   
-2.973342E+02   
-2.816566E+02   
-2.659423E+02   
-2.501937E+02   
-2.344134E+02   
-2.186039E+02   
-2.027674E+02   
-1.869062E+02   
-1.710226E+02   
-1.551186E+02   
-1.391964E+02   
-1.232580E+02   
-1.073053E+02   
-9.134027E+01   
-7.536486E+01   
-5.938091E+01   
-4.339025E+01   
-2.739472E+01   
-1.139611E+01   
 4.603775E+00   
 2.060314E+01   
 3.660020E+01   
 5.259315E+01   
 6.858017E+01   
 8.455943E+01   
 1.005291E+02   
 1.164872E+02   
 1.324320E+02   
 1.483613E+02   
 1.642733E+02   
 1.801658E+02   
 1.960368E+02   
 2.118840E+02   
 2.277053E+02   
 2.434983E+02   
 2.592606E+02   
 2.749898E+02   
 2.906833E+02   
 3.063384E+02   
 3.219525E+02   
 3.375227E+02   
 3.530460E+02   
 3.685194E+02   
 3.839398E+02   
 3.993037E+02   
 4.146080E+02   
 4.298489E+02   
 4.450229E+02   
 4.601262E+02   
 4.751549E+02   
 4.901050E+02   
 5.049722E+02   
 5.197523E+02   
 5.344408E+02   
 5.490330E+02   
 5.635243E+02   
 5.779098E+02   
 5.921844E+02   
 6.063429E+02   
 6.203801E+02   
 6.342904E+02   
 6.480682E+02   
 6.617079E+02   
 6.752034E+02   
 6.885488E+02   
 7.017379E+02   
 7.147643E+02   
 7.276217E+02   
 7.403035E+02   
 7.528030E+02   
 7.651134E+02   
 7.772277E+02   
 7.891389E+02   
 8.008399E+02   
 8.123235E+02   
 8.235823E+02   
 8.346090E+02   
 8.453959E+02   
 8.559356E+02   
 8.662205E+02   
 8.762428E+02   
 8.859949E+02   
 8.954690E+02   
 9.046574E+02   
 9.135521E+02   
 9.221455E+02   
 9.304297E+02   
 9.383969E+02   
 9.460395E+02   
 9.533496E+02   
 9.603196E+02   
 9.669419E+02   
 9.732089E+02   
 9.791133E+02   
 9.846476E+02   
 9.898045E+02   
 9.945771E+02   
 9.989582E+02   
 1.002941E+03   
 1.006519E+03   
 1.009685E+03   
 1.012434E+03   
 1.014758E+03   
 1.016653E+03   
 1.018112E+03   
 1.019129E+03   
 1.019701E+03   
 1.019820E+03   
 1.019484E+03   
 1.018687E+03   
 1.017425E+03   
 1.015694E+03   
 1.013491E+03   
 1.010812E+03   
 1.007654E+03   
 1.004015E+03   
 9.998925E+02   
 9.952842E+02   
 9.901885E+02   
 9.846041E+02   
 9.785303E+02   
 9.719664E+02   
 9.649121E+02   
 9.573678E+02   
 9.493338E+02   
 9.408113E+02   
 9.318014E+02   
 9.223059E+02   
 9.123268E+02   
 9.018667E+02   
 8.909284E+02   
 8.795151E+02   
 8.676305E+02   
 8.552786E+02   
 8.424638E+02   
 8.291908E+02   
 8.154649E+02   
 8.012916E+02   
 7.866767E+02   
 7.716266E+02   
 7.561479E+02   
 7.402477E+02   
 7.239332E+02   
 7.072122E+02   
 6.900927E+02   
 6.725832E+02   
 6.546923E+02   
 6.364291E+02   
 6.178029E+02   
 5.988234E+02   
 5.795006E+02   
 5.598448E+02   
 5.398663E+02   
 5.195761E+02   
 4.989853E+02   
 4.781051E+02   
 4.569472E+02   
 4.355232E+02   
 4.138454E+02   
 3.919259E+02   
 3.697771E+02   
 3.474118E+02   
 3.248427E+02   
 3.020829E+02   
 2.791455E+02   
 2.560438E+02   
 2.327912E+02   
 2.094015E+02   
 1.858881E+02   
 1.622650E+02   
 1.385461E+02   
 1.147452E+02   
 9.087648E+01   
 6.695400E+01   
 4.299189E+01   
 1.900434E+01   
-4.994467E+00   
-2.899031E+01   
-5.296900E+01   
-7.691634E+01   
-1.008182E+02   
-1.246604E+02   
-1.484288E+02   
-1.721096E+02   
-1.956887E+02   
-2.191523E+02   
-2.424866E+02   
-2.656780E+02   
-2.887129E+02   
-3.115780E+02   
-3.342601E+02   
-3.567459E+02   
-3.790227E+02   
-4.010775E+02   
-4.228980E+02   
-4.444716E+02   
-4.657862E+02   
-4.868300E+02   
-5.075912E+02   
-5.280582E+02   
-5.482200E+02   
-5.680655E+02   
-5.875840E+02   
-6.067651E+02   
-6.255987E+02   
-6.440750E+02   
-6.621844E+02   
-6.799176E+02   
-6.972658E+02   
-7.142205E+02   
-7.307732E+02   
-7.469162E+02   
-7.626419E+02   
-7.779430E+02   
-7.928128E+02   
-8.072446E+02   
-8.212324E+02   
-8.347705E+02   
-8.478533E+02   
-8.604761E+02   
-8.726340E+02   
-8.843229E+02   
-8.955389E+02   
-9.062786E+02   
-9.165388E+02   
-9.263168E+02   
-9.356105E+02   
-9.444177E+02   
-9.527370E+02   
-9.605673E+02   
-9.679077E+02   
-9.747579E+02   
-9.811178E+02   
-9.869878E+02   
-9.923686E+02   
-9.972613E+02   
-1.001667E+03   
-1.005588E+03   
-1.009027E+03   
-1.011985E+03   
-1.014465E+03   
-1.016472E+03   
-1.018007E+03   
-1.019075E+03   
-1.019680E+03   
-1.019826E+03   
-1.019517E+03   
-1.018760E+03   
-1.017558E+03   
-1.015917E+03   
-1.013843E+03   
-1.011341E+03   
-1.008418E+03   
-1.005079E+03   
-1.001332E+03   
-9.971827E+02   
-9.926379E+02   
-9.877045E+02   
-9.823896E+02   
-9.767004E+02   
-9.706442E+02   
-9.642284E+02   
-9.574604E+02   
-9.503479E+02   
-9.428985E+02   
-9.351199E+02   
-9.270198E+02   
-9.186060E+02   
-9.098862E+02   
-9.008683E+02   
-8.915601E+02   
-8.819694E+02   
-8.721039E+02   
-8.619713E+02   
-8.515794E+02   
-8.409359E+02   
-8.300483E+02   
-8.189241E+02   
-8.075709E+02   
-7.959959E+02   
-7.842065E+02   
-7.722099E+02   
-7.600131E+02   
-7.476232E+02   
-7.350470E+02   
-7.222914E+02   
-7.093628E+02   
-6.962679E+02   
-6.830130E+02   
-6.696043E+02   
-6.560481E+02   
-6.423502E+02   
-6.285166E+02   
-6.145528E+02   
-6.004645E+02   
-5.862570E+02   
-5.719356E+02   
-5.575055E+02   
-5.429716E+02   
-5.283387E+02   
-5.136116E+02   
-4.987947E+02   
-4.838925E+02   
-4.689092E+02   
-4.538490E+02   
-4.387157E+02   
-4.235134E+02   
-4.082457E+02   
-3.929162E+02   
-3.775284E+02   
-3.620856E+02   
-3.465910E+02   
-3.310478E+02   
-3.154590E+02   
-2.998275E+02   
-2.841560E+02   
-2.684474E+02   
-2.527041E+02   
-2.369287E+02   
-2.211236E+02   
-2.052913E+02   
-1.894339E+02   
-1.735537E+02   
-1.576528E+02   
-1.417334E+02   
-1.257974E+02   
-1.098469E+02   
-9.388369E+01   
-7.790981E+01   
-6.192709E+01   
-4.593738E+01   
-2.994251E+01   
-1.394427E+01   
 2.055535E+00   
 1.805511E+01   
 3.405265E+01   
 5.004638E+01   
 6.603446E+01   
 8.201509E+01   
 9.798639E+01   
 1.139465E+02   
 1.298935E+02   
 1.458254E+02   
 1.617403E+02   
 1.776360E+02   
 1.935106E+02   
 2.093618E+02   
 2.251873E+02   
 2.409850E+02   
 2.567523E+02   
 2.724870E+02   
 2.881863E+02   
 3.038478E+02   
 3.194686E+02   
 3.350460E+02   
 3.505770E+02   
 3.660585E+02   
 3.814875E+02   
 3.968607E+02   
 4.121747E+02   
 4.274259E+02   
 4.426108E+02   
 4.577257E+02   
 4.727665E+02   
 4.877294E+02   
 5.026101E+02   
 5.174044E+02   
 5.321077E+02   
 5.467156E+02   
 5.612233E+02   
 5.756260E+02   
 5.899186E+02   
 6.040959E+02   
 6.181528E+02   
 6.320837E+02   
 6.458830E+02   
 6.595450E+02   
 6.730639E+02   
 6.864336E+02   
 6.996480E+02   
 7.127008E+02   
 7.255856E+02   
 7.382958E+02   
 7.508248E+02   
 7.631657E+02   
 7.753117E+02   
 7.872558E+02   
 7.989907E+02   
 8.105094E+02   
 8.218045E+02   
 8.328686E+02   
 8.436943E+02   
 8.542739E+02   
 8.645998E+02   
 8.746645E+02   
 8.844602E+02   
 8.939791E+02   
 9.032134E+02   
 9.121555E+02   
 9.207974E+02   
 9.291313E+02   
 9.371496E+02   
 9.448443E+02   
 9.522079E+02   
 9.592326E+02   
 9.659108E+02   
 9.722349E+02   
 9.781975E+02   
 9.837912E+02   
 9.890088E+02   
 9.938430E+02   
 9.982869E+02   
 1.002334E+03   
 1.005976E+03   
 1.009209E+03   
 1.012024E+03   
 1.014417E+03   
 1.016380E+03   
 1.017909E+03   
 1.018997E+03   
 1.019640E+03   
 1.019832E+03   
 1.019568E+03   
 1.018845E+03   
 1.017657E+03   
 1.016001E+03   
 1.013874E+03   
 1.011271E+03   
 1.008189E+03   
 1.004627E+03   
 1.000582E+03   
 9.960507E+02   
 9.910327E+02   
 9.855263E+02   
 9.795305E+02   
 9.730446E+02   
 9.660684E+02   
 9.586021E+02   
 9.506461E+02   
 9.422013E+02   
 9.332689E+02   
 9.238506E+02   
 9.139484E+02   
 9.035648E+02   
 8.927024E+02   
 8.813645E+02   
 8.695547E+02   
 8.572770E+02   
 8.445355E+02   
 8.313352E+02   
 8.176811E+02   
 8.035786E+02   
 7.890336E+02   
 7.740524E+02   
 7.586415E+02   
 7.428079E+02   
 7.265589E+02   
 7.099021E+02   
 6.928456E+02   
 6.753976E+02   
 6.575669E+02   
 6.393623E+02   
 6.207933E+02   
 6.018695E+02   
 5.826007E+02   
 5.629971E+02   
 5.430693E+02   
 5.228281E+02   
 5.022844E+02   
 4.814495E+02   
 4.603350E+02   
 4.389526E+02   
 4.173144E+02   
 3.954326E+02   
 3.733195E+02   
 3.509878E+02   
 3.284503E+02   
 3.057200E+02   
 2.828100E+02   
 2.597335E+02   
 2.365041E+02   
 2.131353E+02   
 1.896407E+02   
 1.660342E+02   
 1.423295E+02   
 1.185408E+02   
 9.468191E+01   
 7.076704E+01   
 4.681029E+01   
 2.282584E+01   
-1.172119E+00   
-2.516939E+01   
-4.915176E+01   
-7.310504E+01   
-9.701506E+01   
-1.208677E+02   
-1.446488E+02   
-1.683445E+02   
-1.919407E+02   
-2.154236E+02   
-2.387794E+02   
-2.619945E+02   
-2.850553E+02   
-3.079483E+02   
-3.306604E+02   
-3.531784E+02   
-3.754893E+02   
-3.975803E+02   
-4.194389E+02   
-4.410527E+02   
-4.624094E+02   
-4.834971E+02   
-5.043040E+02   
-5.248187E+02   
-5.450298E+02   
-5.649264E+02   
-5.844977E+02   
-6.037332E+02   
-6.226229E+02   
-6.411567E+02   
-6.593251E+02   
-6.771189E+02   
-6.945290E+02   
-7.115469E+02   
-7.281642E+02   
-7.443729E+02   
-7.601656E+02   
-7.755348E+02   
-7.904737E+02   
-8.049757E+02   
-8.190346E+02   
-8.326447E+02   
-8.458004E+02   
-8.584967E+02   
-8.707290E+02   
-8.824928E+02   
-8.937844E+02   
-9.046001E+02   
-9.149369E+02   
-9.247919E+02   
-9.341628E+02   
-9.430476E+02   
-9.514448E+02   
-9.593530E+02   
-9.667714E+02   
-9.736997E+02   
-9.801377E+02   
-9.860857E+02   
-9.915444E+02   
-9.965147E+02   
-1.000998E+03   
-1.004996E+03   
-1.008511E+03   
-1.011546E+03   
-1.014102E+03   
-1.016184E+03   
-1.017794E+03   
-1.018936E+03   
-1.019614E+03   
-1.019833E+03   
-1.019597E+03   
-1.018910E+03   
-1.017779E+03   
-1.016207E+03   
-1.014202E+03   
-1.011768E+03   
-1.008911E+03   
-1.005639E+03   
-1.001956E+03   
-9.978703E+02   
-9.933879E+02   
-9.885159E+02   
-9.832613E+02   
-9.776312E+02   
-9.716330E+02   
-9.652739E+02   
-9.585616E+02   
-9.515035E+02   
-9.441072E+02   
-9.363805E+02   
-9.283311E+02   
-9.199667E+02   
-9.112951E+02   
-9.023242E+02   
-8.930617E+02   
-8.835154E+02   
-8.736932E+02   
-8.636026E+02   
-8.532516E+02   
-8.426476E+02   
-8.317983E+02   
-8.207113E+02   
-8.093941E+02   
-7.978539E+02   
-7.860982E+02   
-7.741341E+02   
-7.619687E+02   
-7.496091E+02   
-7.370622E+02   
-7.243346E+02   
-7.114332E+02   
-6.983643E+02   
-6.851345E+02   
-6.717499E+02   
-6.582168E+02   
-6.445411E+02   
-6.307286E+02   
-6.167852E+02   
-6.027164E+02   
-5.885275E+02   
-5.742239E+02   
-5.598108E+02   
-5.452931E+02   
-5.306757E+02   
-5.159632E+02   
-5.011604E+02   
-4.862714E+02   
-4.713008E+02   
-4.562525E+02   
-4.411307E+02   
-4.259391E+02   
-4.106816E+02   
-3.953616E+02   
-3.799829E+02   
-3.645486E+02   
-3.490621E+02   
-3.335264E+02   
-3.179447E+02   
-3.023198E+02   
-2.866545E+02   
-2.709516E+02   
-2.552136E+02   
-2.394432E+02   
-2.236427E+02   
-2.078146E+02   
-1.919610E+02   
-1.760843E+02   
-1.601866E+02   
-1.442700E+02   
-1.283365E+02   
-1.123881E+02   
-9.642683E+01   
-8.045453E+01   
-6.447310E+01   
-4.848438E+01   
-3.249021E+01   
-1.649238E+01   
-4.927098E-01   
 1.550702E+01   
 3.150501E+01   
 4.749946E+01   
 6.348857E+01   
 7.947050E+01   
 9.544342E+01   
 1.114054E+02   
 1.273546E+02   
 1.432891E+02   
 1.592068E+02   
 1.751058E+02   
 1.909838E+02   
 2.068389E+02   
 2.226687E+02   
 2.384709E+02   
 2.542433E+02   
 2.699833E+02   
 2.856884E+02   
 3.013561E+02   
 3.169836E+02   
 3.325681E+02   
 3.481066E+02   
 3.635963E+02   
 3.790339E+02   
 3.944162E+02   
 4.097398E+02   
 4.250013E+02   
 4.401970E+02   
 4.553233E+02   
 4.703762E+02   
 4.853517E+02   
 5.002458E+02   
 5.150541E+02   
 5.297723E+02   
 5.443957E+02   
 5.589197E+02   
 5.733394E+02   
 5.876498E+02   
 6.018459E+02   
 6.159223E+02   
 6.298736E+02   
 6.436943E+02   
 6.573786E+02   
 6.709207E+02   
 6.843145E+02   
 6.975541E+02   
 7.106330E+02   
 7.235450E+02   
 7.362835E+02   
 7.488417E+02   
 7.612131E+02   
 7.733906E+02   
 7.853673E+02   
 7.971361E+02   
 8.086897E+02   
 8.200209E+02   
 8.311223E+02   
 8.419864E+02   
 8.526057E+02   
 8.629726E+02   
 8.730794E+02   
 8.829184E+02   
 8.924819E+02   
 9.017621E+02   
 9.107512E+02   
 9.194414E+02   
 9.278249E+02   
 9.358940E+02   
 9.436408E+02   
 9.510576E+02   
 9.581368E+02   
 9.648707E+02   
 9.712517E+02   
 9.772724E+02   
 9.829253E+02   
 9.882033E+02   
 9.930990E+02   
 9.976056E+02   
 1.001716E+03   
 1.005424E+03   
 1.008722E+03   
 1.011604E+03   
 1.014064E+03   
 1.016096E+03   
 1.017695E+03   
 1.018853E+03   
 1.019567E+03   
 1.019832E+03   
 1.019641E+03   
 1.018991E+03   
 1.017878E+03   
 1.016296E+03   
 1.014244E+03   
 1.011717E+03   
 1.008712E+03   
 1.005227E+03   
 1.001258E+03   
 9.968049E+02   
 9.918646E+02   
 9.864360E+02   
 9.805182E+02   
 9.741104E+02   
 9.672123E+02   
 9.598240E+02   
 9.519460E+02   
 9.435789E+02   
 9.347241E+02   
 9.253831E+02   
 9.155578E+02   
 9.052506E+02   
 8.944643E+02   
 8.832019E+02   
 8.714671E+02   
 8.592635E+02   
 8.465957E+02   
 8.334681E+02   
 8.198859E+02   
 8.058544E+02   
 7.913795E+02   
 7.764674E+02   
 7.611245E+02   
 7.453577E+02   
 7.291743E+02   
 7.125820E+02   
 6.955885E+02   
 6.782023E+02   
 6.604319E+02   
 6.422863E+02   
 6.237747E+02   
 6.049067E+02   
 5.856922E+02   
 5.661413E+02   
 5.462644E+02   
 5.260724E+02   
 5.055761E+02   
 4.847868E+02   
 4.637160E+02   
 4.423756E+02   
 4.207773E+02   
 3.989334E+02   
 3.768563E+02   
 3.545586E+02   
 3.320530E+02   
 3.093525E+02   
 2.864702E+02   
 2.634194E+02   
 2.402134E+02   
 2.168659E+02   
 1.933904E+02   
 1.698008E+02   
 1.461108E+02   
 1.223345E+02   
 9.848591E+01   
 7.457902E+01   
 5.062799E+01   
 2.664701E+01   
 2.650246E+00   
-2.134808E+01   
-4.533378E+01   
-6.929264E+01   
-9.321050E+01   
-1.170732E+02   
-1.408667E+02   
-1.645769E+02   
-1.881899E+02   
-2.116918E+02   
-2.350687E+02   
-2.583071E+02   
-2.813934E+02   
-3.043140E+02   
-3.270558E+02   
-3.496056E+02   
-3.719503E+02   
-3.940772E+02   
-4.159737E+02   
-4.376272E+02   
-4.590257E+02   
-4.801570E+02   
-5.010095E+02   
-5.215714E+02   
-5.418317E+02   
-5.617791E+02   
-5.814029E+02   
-6.006926E+02   
-6.196380E+02   
-6.382291E+02   
-6.564564E+02   
-6.743104E+02   
-6.917822E+02   
-7.088631E+02   
-7.255448E+02   
-7.418191E+02   
-7.576785E+02   
-7.731156E+02   
-7.881235E+02   
-8.026955E+02   
-8.168254E+02   
-8.305073E+02   
-8.437358E+02   
-8.565056E+02   
-8.688120E+02   
-8.806508E+02   
-8.920178E+02   
