 4.901419E+02   
 4.984223E+02   
 5.066184E+02   
 5.147229E+02   
 5.227284E+02   
 5.306274E+02   
 5.384119E+02   
 5.460741E+02   
 5.536057E+02   
 5.609986E+02   
 5.682442E+02   
 5.753340E+02   
 5.822595E+02   
 5.890118E+02   
 5.955822E+02   
 6.019620E+02   
 6.081421E+02   
 6.141138E+02   
 6.198683E+02   
 6.253967E+02   
 6.306902E+02   
 6.357403E+02   
 6.405383E+02   
 6.450758E+02   
 6.493444E+02   
 6.533359E+02   
 6.570424E+02   
 6.604559E+02   
 6.635690E+02   
 6.663742E+02   
 6.688644E+02   
 6.710327E+02   
 6.728725E+02   
 6.743775E+02   
 6.755418E+02   
 6.763597E+02   
 6.768258E+02   
 6.769352E+02   
 6.766832E+02   
 6.760657E+02   
 6.750786E+02   
 6.737187E+02   
 6.719827E+02   
 6.698681E+02   
 6.673725E+02   
 6.644941E+02   
 6.612315E+02   
 6.575837E+02   
 6.535500E+02   
 6.491304E+02   
 6.443250E+02   
 6.391346E+02   
 6.335603E+02   
 6.276036E+02   
 6.212664E+02   
 6.145511E+02   
 6.074604E+02   
 5.999975E+02   
 5.921660E+02   
 5.839697E+02   
 5.754130E+02   
 5.665006E+02   
 5.572375E+02   
 5.476291E+02   
 5.376812E+02   
 5.273997E+02   
 5.167912E+02   
 5.058622E+02   
 4.946198E+02   
 4.830712E+02   
 4.712241E+02   
 4.590862E+02   
 4.466656E+02   
 4.339706E+02   
 4.210097E+02   
 4.077917E+02   
 3.943255E+02   
 3.806203E+02   
 3.666854E+02   
 3.525302E+02   
 3.381644E+02   
 3.235977E+02   
 3.088401E+02   
 2.939016E+02   
 2.787922E+02   
 2.635222E+02   
 2.481019E+02   
 2.325416E+02   
 2.168518E+02   
 2.010429E+02   
 1.851255E+02   
 1.691101E+02   
 1.530072E+02   
 1.368274E+02   
 1.205813E+02   
 1.042795E+02   
 8.793239E+01   
 7.155061E+01   
 5.514460E+01   
 3.872479E+01   
 2.230156E+01   
 5.885236E+00   
-1.051394E+01   
-2.688577E+01   
-4.322018E+01   
-5.950714E+01   
-7.573675E+01   
-9.189919E+01   
-1.079848E+02   
-1.239839E+02   
-1.398870E+02   
-1.556849E+02   
-1.713682E+02   
-1.869280E+02   
-2.023553E+02   
-2.176412E+02   
-2.327772E+02   
-2.477547E+02   
-2.625655E+02   
-2.772013E+02   
-2.916542E+02   
-3.059163E+02   
-3.199801E+02   
-3.338380E+02   
-3.474828E+02   
-3.609074E+02   
-3.741048E+02   
-3.870685E+02   
-3.997919E+02   
-4.122687E+02   
-4.244927E+02   
-4.364583E+02   
-4.481596E+02   
-4.595912E+02   
-4.707479E+02   
-4.816246E+02   
-4.922166E+02   
-5.025193E+02   
-5.125283E+02   
-5.222395E+02   
-5.316491E+02   
-5.407534E+02   
-5.495489E+02   
-5.580325E+02   
-5.662012E+02   
-5.740523E+02   
-5.815833E+02   
-5.887921E+02   
-5.956765E+02   
-6.022348E+02   
-6.084655E+02   
-6.143674E+02   
-6.199393E+02   
-6.251804E+02   
-6.300903E+02   
-6.346684E+02   
-6.389149E+02   
-6.428297E+02   
-6.464133E+02   
-6.496662E+02   
-6.525893E+02   
-6.551835E+02   
-6.574503E+02   
-6.593910E+02   
-6.610075E+02   
-6.623015E+02   
-6.632752E+02   
-6.639311E+02   
-6.642715E+02   
-6.642994E+02   
-6.640175E+02   
-6.634291E+02   
-6.625374E+02   
-6.613460E+02   
-6.598584E+02   
-6.580787E+02   
-6.560107E+02   
-6.536586E+02   
-6.510268E+02   
-6.481198E+02   
-6.449421E+02   
-6.414985E+02   
-6.377939E+02   
-6.338332E+02   
-6.296217E+02   
-6.251645E+02   
-6.204670E+02   
-6.155346E+02   
-6.103728E+02   
-6.049873E+02   
-5.993838E+02   
-5.935679E+02   
-5.875455E+02   
-5.813226E+02   
-5.749050E+02   
-5.682986E+02   
-5.615096E+02   
-5.545439E+02   
-5.474075E+02   
-5.401066E+02   
-5.326472E+02   
-5.250355E+02   
-5.172773E+02   
-5.093789E+02   
-5.013463E+02   
-4.931854E+02   
-4.849022E+02   
-4.765027E+02   
-4.679927E+02   
-4.593782E+02   
-4.506648E+02   
-4.418582E+02   
-4.329642E+02   
-4.239883E+02   
-4.149360E+02   
-4.058126E+02   
-3.966234E+02   
-3.873737E+02   
-3.780686E+02   
-3.687130E+02   
-3.593118E+02   
-3.498697E+02   
-3.403915E+02   
-3.308815E+02   
-3.213442E+02   
-3.117838E+02   
-3.022043E+02   
-2.926098E+02   
-2.830040E+02   
-2.733906E+02   
-2.637731E+02   
-2.541548E+02   
-2.445389E+02   
-2.349284E+02   
-2.253262E+02   
-2.157350E+02   
-2.061572E+02   
-1.965954E+02   
-1.870516E+02   
-1.775279E+02   
-1.680261E+02   
-1.585479E+02   
-1.490949E+02   
-1.396684E+02   
-1.302695E+02   
-1.208993E+02   
-1.115587E+02   
-1.022483E+02   
-9.296862E+01   
-8.372008E+01   
-7.450289E+01   
-6.531710E+01   
-5.616264E+01   
-4.703927E+01   
-3.794664E+01   
-2.888426E+01   
-1.985148E+01   
-1.084756E+01   
-1.871644E+00   
 7.077260E+00   
 1.600023E+01   
 2.489844E+01   
 3.377317E+01   
 4.262577E+01   
 5.145766E+01   
 6.027033E+01   
 6.906534E+01   
 7.784429E+01   
 8.660881E+01   
 9.536056E+01   
 1.041012E+02   
 1.128325E+02   
 1.215562E+02   
 1.302738E+02   
 1.389871E+02   
 1.476977E+02   
 1.564071E+02   
 1.651171E+02   
 1.738289E+02   
 1.825439E+02   
 1.912636E+02   
 1.999891E+02   
 2.087215E+02   
 2.174617E+02   
 2.262107E+02   
 2.349690E+02   
 2.437374E+02   
 2.525160E+02   
 2.613052E+02   
 2.701049E+02   
 2.789151E+02   
 2.877352E+02   
 2.965647E+02   
 3.054028E+02   
 3.142484E+02   
 3.231002E+02   
 3.319568E+02   
 3.408162E+02   
 3.496765E+02   
 3.585353E+02   
 3.673901E+02   
 3.762379E+02   
 3.850757E+02   
 3.939000E+02   
 4.027071E+02   
 4.114930E+02   
 4.202535E+02   
 4.289840E+02   
 4.376796E+02   
 4.463353E+02   
 4.549456E+02   
 4.635048E+02   
 4.720071E+02   
 4.804463E+02   
 4.888158E+02   
 4.971090E+02   
 5.053190E+02   
 5.134386E+02   
 5.214604E+02   
 5.293768E+02   
 5.371801E+02   
 5.448623E+02   
 5.524153E+02   
 5.598308E+02   
 5.671004E+02   
 5.742157E+02   
 5.811679E+02   
 5.879484E+02   
 5.945483E+02   
 6.009590E+02   
 6.071715E+02   
 6.131770E+02   
 6.189667E+02   
 6.245317E+02   
 6.298632E+02   
 6.349527E+02   
 6.397914E+02   
 6.443709E+02   
 6.486829E+02   
 6.527191E+02   
 6.564715E+02   
 6.599322E+02   
 6.630936E+02   
 6.659483E+02   
 6.684891E+02   
 6.707091E+02   
 6.726017E+02   
 6.741605E+02   
 6.753794E+02   
 6.762528E+02   
 6.767753E+02   
 6.769418E+02   
 6.767477E+02   
 6.761886E+02   
 6.752607E+02   
 6.739604E+02   
 6.722845E+02   
 6.702303E+02   
 6.677956E+02   
 6.649783E+02   
 6.617769E+02   
 6.581905E+02   
 6.542183E+02   
 6.498601E+02   
 6.451162E+02   
 6.399870E+02   
 6.344737E+02   
 6.285778E+02   
 6.223011E+02   
 6.156458E+02   
 6.086147E+02   
 6.012109E+02   
 5.934378E+02   
 5.852993E+02   
 5.767998E+02   
 5.679437E+02   
 5.587361E+02   
 5.491823E+02   
 5.392880E+02   
 5.290593E+02   
 5.185024E+02   
 5.076240E+02   
 4.964310E+02   
 4.849307E+02   
 4.731306E+02   
 4.610385E+02   
 4.486624E+02   
 4.360105E+02   
 4.230914E+02   
 4.099137E+02   
 3.964865E+02   
 3.828187E+02   
 3.689197E+02   
 3.547990E+02   
 3.404661E+02   
 3.259307E+02   
 3.112029E+02   
 2.962925E+02   
 2.812096E+02   
 2.659645E+02   
 2.505674E+02   
 2.350287E+02   
 2.193589E+02   
 2.035683E+02   
 1.876674E+02   
 1.716669E+02   
 1.555772E+02   
 1.394090E+02   
 1.231727E+02   
 1.068791E+02   
 9.053850E+01   
 7.416155E+01   
 5.775870E+01   
 4.134039E+01   
 2.491702E+01   
 8.498904E+00   
-7.903684E+00   
-2.428055E+01   
-4.062159E+01   
-5.691678E+01   
-7.315618E+01   
-8.932997E+01   
-1.054284E+02   
-1.214419E+02   
-1.373610E+02   
-1.531763E+02   
-1.688785E+02   
-1.844585E+02   
-1.999075E+02   
-2.152165E+02   
-2.303770E+02   
-2.453803E+02   
-2.602181E+02   
-2.748824E+02   
-2.893649E+02   
-3.036580E+02   
-3.177538E+02   
-3.316450E+02   
-3.453242E+02   
-3.587843E+02   
-3.720184E+02   
-3.850198E+02   
-3.977818E+02   
-4.102983E+02   
-4.225630E+02   
-4.345701E+02   
-4.463139E+02   
-4.577888E+02   
-4.689896E+02   
-4.799112E+02   
-4.905489E+02   
-5.008980E+02   
-5.109540E+02   
-5.207130E+02   
-5.301708E+02   
-5.393240E+02   
-5.481689E+02   
-5.567023E+02   
-5.649214E+02   
-5.728233E+02   
-5.804054E+02   
-5.876656E+02   
-5.946018E+02   
-6.012122E+02   
-6.074952E+02   
-6.134495E+02   
-6.190740E+02   
-6.243678E+02   
-6.293305E+02   
-6.339615E+02   
-6.382608E+02   
-6.422284E+02   
-6.458647E+02   
-6.491702E+02   
-6.521458E+02   
-6.547923E+02   
-6.571112E+02   
-6.591037E+02   
-6.607717E+02   
-6.621169E+02   
-6.631415E+02   
-6.638478E+02   
-6.642383E+02   
-6.643157E+02   
-6.640830E+02   
-6.635432E+02   
-6.626996E+02   
-6.615556E+02   
-6.601150E+02   
-6.583815E+02   
-6.563592E+02   
-6.540521E+02   
-6.514645E+02   
-6.486010E+02   
-6.454661E+02   
-6.420645E+02   
-6.384011E+02   
-6.344809E+02   
-6.303090E+02   
-6.258906E+02   
-6.212310E+02   
-6.163356E+02   
-6.112100E+02   
-6.058598E+02   
-6.002906E+02   
-5.945081E+02   
-5.885183E+02   
-5.823269E+02   
-5.759399E+02   
-5.693632E+02   
-5.626028E+02   
-5.556648E+02   
-5.485553E+02   
-5.412802E+02   
-5.338456E+02   
-5.262577E+02   
-5.185225E+02   
-5.106460E+02   
-5.026343E+02   
-4.944934E+02   
-4.862293E+02   
-4.778480E+02   
-4.693552E+02   
-4.607569E+02   
-4.520589E+02   
-4.432668E+02   
-4.343864E+02   
-4.254231E+02   
-4.163826E+02   
-4.072701E+02   
-3.980911E+02   
-3.888507E+02   
-3.795541E+02   
-3.702062E+02   
-3.608119E+02   
-3.513760E+02   
-3.419032E+02   
-3.323980E+02   
-3.228648E+02   
-3.133078E+02   
-3.037311E+02   
-2.941387E+02   
-2.845345E+02   
-2.749221E+02   
-2.653050E+02   
-2.556866E+02   
-2.460701E+02   
-2.364585E+02   
-2.268548E+02   
-2.172617E+02   
-2.076816E+02   
-1.981171E+02   
-1.885703E+02   
-1.790432E+02   
-1.695378E+02   
-1.600558E+02   
-1.505987E+02   
-1.411679E+02   
-1.317645E+02   
-1.223897E+02   
-1.130443E+02   
-1.037291E+02   
-9.444447E+01   
-8.519096E+01   
-7.596876E+01   
-6.677798E+01   
-5.761853E+01   
-4.849024E+01   
-3.939275E+01   
-3.032558E+01   
-2.128813E+01   
-1.227968E+01   
-3.299361E+00   
 5.653775E+00   
 1.458080E+01   
 2.348287E+01   
 3.236125E+01   
 4.121728E+01   
 5.005237E+01   
 5.886800E+01   
 6.766572E+01   
 7.644712E+01   
 8.521382E+01   
 9.396749E+01   
 1.027098E+02   
 1.114425E+02   
 1.201672E+02   
 1.288857E+02   
 1.375996E+02   
 1.463105E+02   
 1.550200E+02   
 1.637298E+02   
 1.724412E+02   
 1.811557E+02   
 1.898745E+02   
 1.985990E+02   
 2.073302E+02   
 2.160691E+02   
 2.248167E+02   
 2.335735E+02   
 2.423402E+02   
 2.511172E+02   
 2.599047E+02   
 2.687027E+02   
 2.775112E+02   
 2.863298E+02   
 2.951579E+02   
 3.039947E+02   
 3.128391E+02   
 3.216901E+02   
 3.305460E+02   
 3.394051E+02   
 3.482654E+02   
 3.571246E+02   
 3.659802E+02   
 3.748294E+02   
 3.836690E+02   
 3.924957E+02   
 4.013058E+02   
 4.100953E+02   
 4.188602E+02   
 4.275957E+02   
 4.362972E+02   
 4.449596E+02   
 4.535775E+02   
 4.621453E+02   
 4.706571E+02   
 4.791067E+02   
 4.874878E+02   
 4.957936E+02   
 5.040173E+02   
 5.121518E+02   
 5.201896E+02   
 5.281233E+02   
 5.359452E+02   
 5.436472E+02   
 5.512213E+02   
 5.586593E+02   
 5.659527E+02   
 5.730931E+02   
 5.800719E+02   
 5.868803E+02   
 5.935096E+02   
 5.999511E+02   
 6.061957E+02   
 6.122348E+02   
 6.180594E+02   
 6.236608E+02   
 6.290301E+02   
 6.341587E+02   
 6.390379E+02   
 6.436593E+02   
 6.480144E+02   
 6.520951E+02   
 6.558932E+02   
 6.594009E+02   
 6.626105E+02   
 6.655145E+02   
 6.681058E+02   
 6.703773E+02   
 6.723225E+02   
 6.739348E+02   
 6.752083E+02   
 6.761371E+02   
 6.767158E+02   
 6.769393E+02   
 6.768029E+02   
 6.763023E+02   
 6.754334E+02   
 6.741926E+02   
 6.725767E+02   
 6.705829E+02   
 6.682089E+02   
 6.654526E+02   
 6.623125E+02   
 6.587875E+02   
 6.548768E+02   
 6.505801E+02   
 6.458975E+02   
 6.408297E+02   
 6.353775E+02   
 6.295424E+02   
 6.233261E+02   
 6.167310E+02   
 6.097595E+02   
 6.024149E+02   
 5.947003E+02   
 5.866198E+02   
 5.781774E+02   
 5.693778E+02   
 5.602258E+02   
 5.507268E+02   
 5.408864E+02   
 5.307105E+02   
 5.202054E+02   
 5.093778E+02   
 4.982344E+02   
 4.867826E+02   
 4.750297E+02   
 4.629836E+02   
 4.506521E+02   
 4.380436E+02   
 4.251665E+02   
 4.120294E+02   
 3.986413E+02   
 3.850112E+02   
 3.711485E+02   
 3.570624E+02   
 3.427626E+02   
 3.282589E+02   
 3.135610E+02   
 2.986790E+02   
 2.836229E+02   
 2.684030E+02   
 2.530294E+02   
 2.375126E+02   
 2.218629E+02   
 2.060908E+02   
 1.902068E+02   
 1.742215E+02   
 1.581453E+02   
 1.419888E+02   
 1.257627E+02   
 1.094775E+02   
 9.314370E+01   
 7.677184E+01   
 6.037241E+01   
 4.395587E+01   
 2.753261E+01   
 1.111297E+01   
-5.292779E+00   
-2.167442E+01   
-3.802184E+01   
-5.432500E+01   
-7.057395E+01   
-8.675884E+01   
-1.028699E+02   
-1.188976E+02   
-1.348323E+02   
-1.506648E+02   
-1.663856E+02   
-1.819857E+02   
-1.974561E+02   
-2.127880E+02   
-2.279727E+02   
-2.430016E+02   
-2.578664E+02   
-2.725588E+02   
-2.870708E+02   
-3.013946E+02   
-3.155223E+02   
-3.294466E+02   
-3.431601E+02   
-3.566555E+02   
-3.699261E+02   
-3.829650E+02   
-3.957656E+02   
-4.083216E+02   
-4.206268E+02   
-4.326753E+02   
-4.444614E+02   
-4.559795E+02   
-4.672243E+02   
-4.781907E+02   
-4.888739E+02   
-4.992692E+02   
-5.093722E+02   
-5.191788E+02   
-5.286848E+02   
-5.378867E+02   
-5.467810E+02   
-5.553642E+02   
-5.636336E+02   
-5.715861E+02   
-5.792194E+02   
-5.865310E+02   
-5.935189E+02   
-6.001813E+02   
-6.065165E+02   
-6.125232E+02   
-6.182003E+02   
-6.235469E+02   
-6.285623E+02   
-6.332462E+02   
-6.375983E+02   
-6.416187E+02   
-6.453077E+02   
-6.486659E+02   
-6.516939E+02   
-6.543928E+02   
-6.567637E+02   
-6.588081E+02   
-6.605277E+02   
-6.619242E+02   
-6.629997E+02   
-6.637565E+02   
-6.641972E+02   
-6.643243E+02   
-6.641407E+02   
-6.636496E+02   
-6.628541E+02   
-6.617578E+02   
-6.603642E+02   
-6.586771E+02   
-6.567004E+02   
-6.544384E+02   
-6.518952E+02   
-6.490754E+02   
-6.459834E+02   
-6.426239E+02   
-6.390019E+02   
-6.351223E+02   
-6.309901E+02   
-6.266106E+02   
-6.219890E+02   
-6.171309E+02   
-6.120416E+02   
-6.067267E+02   
-6.011920E+02   
-5.954431E+02   
-5.894859E+02   
-5.833262E+02   
-5.769699E+02   
-5.704231E+02   
-5.636916E+02   
-5.567815E+02   
-5.496988E+02   
-5.424497E+02   
-5.350401E+02   
-5.274762E+02   
-5.197640E+02   
-5.119097E+02   
-5.039191E+02   
-4.957984E+02   
-4.875535E+02   
-4.791904E+02   
-4.707150E+02   
-4.621332E+02   
-4.534506E+02   
-4.446731E+02   
-4.358064E+02   
-4.268560E+02   
-4.178274E+02   
-4.087260E+02   
-3.995572E+02   
-3.903263E+02   
-3.810383E+02   
-3.716982E+02   
-3.623110E+02   
-3.528814E+02   
-3.434142E+02   
-3.339139E+02   
-3.243848E+02   
-3.148313E+02   
-3.052575E+02   
-2.956673E+02   
-2.860648E+02   
-2.764534E+02   
-2.668368E+02   
-2.572184E+02   
-2.476014E+02   
-2.379889E+02   
-2.283837E+02   
-2.187887E+02   
-2.092064E+02   
-1.996393E+02   
-1.900895E+02   
-1.805592E+02   
-1.710502E+02   
-1.615643E+02   
-1.521032E+02   
-1.426681E+02   
-1.332603E+02   
-1.238809E+02   
-1.145307E+02   
-1.052106E+02   
-9.592111E+01   
-8.666263E+01   
-7.743544E+01   
-6.823965E+01   
-5.907522E+01   
-4.994199E+01   
-4.083962E+01   
-3.176766E+01   
-2.272553E+01   
-1.371251E+01   
-4.727769E+00   
 4.229627E+00   
 1.316073E+01   
 2.206670E+01   
 3.094877E+01   
 3.980826E+01   
 4.864659E+01   
 5.746522E+01   
 6.626568E+01   
 7.504957E+01   
 8.381850E+01   
 9.257414E+01   
 1.013182E+02   
 1.100523E+02   
 1.187781E+02   
 1.274975E+02   
 1.362120E+02   
 1.449233E+02   
 1.536329E+02   
 1.623425E+02   
 1.710536E+02   
 1.797675E+02   
 1.884856E+02   
 1.972091E+02   
 2.059391E+02   
 2.146768E+02   
 2.234229E+02   
 2.321782E+02   
 2.409433E+02   
 2.497186E+02   
 2.585044E+02   
 2.673008E+02   
 2.761077E+02   
 2.849247E+02   
 2.937513E+02   
 3.025867E+02   
 3.114301E+02   
 3.202801E+02   
 3.291353E+02   
 3.379940E+02   
 3.468543E+02   
 3.557138E+02   
 3.645702E+02   
 3.734206E+02   
 3.822619E+02   
 3.910909E+02   
 3.999039E+02   
 4.086970E+02   
 4.174661E+02   
 4.262066E+02   
 4.349139E+02   
 4.435828E+02   
 4.522082E+02   
 4.607843E+02   
 4.693055E+02   
 4.777654E+02   
 4.861578E+02   
 4.944761E+02   
 5.027133E+02   
 5.108625E+02   
 5.189162E+02   
 5.268671E+02   
 5.347073E+02   
 5.424289E+02   
 5.500239E+02   
 5.574841E+02   
 5.648012E+02   
 5.719665E+02   
 5.789716E+02   
 5.858077E+02   
 5.924662E+02   
 5.989381E+02   
 6.052147E+02   
 6.112871E+02   
 6.171465E+02   
 6.227840E+02   
 6.281908E+02   
 6.333583E+02   
 6.382779E+02   
 6.429409E+02   
 6.473389E+02   
 6.514639E+02   
 6.553075E+02   
 6.588620E+02   
 6.621195E+02   
 6.650727E+02   
 6.677143E+02   
 6.700372E+02   
 6.720348E+02   
 6.737006E+02   
 6.750284E+02   
 6.760125E+02   
 6.766473E+02   
 6.769277E+02   
 6.768490E+02   
 6.764066E+02   
 6.755966E+02   
 6.744152E+02   
 6.728593E+02   
 6.709259E+02   
 6.686126E+02   
 6.659173E+02   
 6.628384E+02   
 6.593747E+02   
 6.555255E+02   
 6.512902E+02   
 6.466691E+02   
 6.416626E+02   
 6.362715E+02   
 6.304973E+02   
 6.243416E+02   
 6.178066E+02   
 6.108949E+02   
 6.036095E+02   
 5.959536E+02   
