-3.896378E+00   
-3.913386E+00   
-3.928881E+00   
-3.942858E+00   
-3.955314E+00   
-3.966246E+00   
-3.975651E+00   
-3.983525E+00   
-3.989868E+00   
-3.994678E+00   
-3.997953E+00   
-3.999693E+00   
-3.999896E+00   
-3.998564E+00   
-3.995696E+00   
-3.991294E+00   
-3.985357E+00   
-3.977889E+00   
-3.968890E+00   
-3.958363E+00   
-3.946311E+00   
-3.932737E+00   
-3.917644E+00   
-3.901036E+00   
-3.882919E+00   
-3.863296E+00   
-3.842173E+00   
-3.819556E+00   
-3.795450E+00   
-3.769863E+00   
-3.742801E+00   
-3.714272E+00   
-3.684283E+00   
-3.652844E+00   
-3.619964E+00   
-3.585651E+00   
-3.549916E+00   
-3.512769E+00   
-3.474222E+00   
-3.434286E+00   
-3.392972E+00   
-3.350295E+00   
-3.306266E+00   
-3.260900E+00   
-3.214211E+00   
-3.166214E+00   
-3.116925E+00   
-3.066360E+00   
-3.014535E+00   
-2.961468E+00   
-2.907178E+00   
-2.851682E+00   
-2.795000E+00   
-2.737151E+00   
-2.678157E+00   
-2.618038E+00   
-2.556817E+00   
-2.494515E+00   
-2.431156E+00   
-2.366764E+00   
-2.301362E+00   
-2.234976E+00   
-2.167631E+00   
-2.099354E+00   
-2.030171E+00   
-1.960110E+00   
-1.889198E+00   
-1.817465E+00   
-1.744940E+00   
-1.671652E+00   
-1.597631E+00   
-1.522909E+00   
-1.447516E+00   
-1.371485E+00   
-1.294848E+00   
-1.217637E+00   
-1.139886E+00   
-1.061629E+00   
-9.828987E-01   
-9.037302E-01   
-8.241583E-01   
-7.442178E-01   
-6.639442E-01   
-5.833731E-01   
-5.025404E-01   
-4.214821E-01   
-3.402344E-01   
-2.588338E-01   
-1.773168E-01   
-9.572005E-02   
-1.408023E-02   
 6.756592E-02   
 1.491817E-01   
 2.307303E-01   
 3.121752E-01   
 3.934797E-01   
 4.746075E-01   
 5.555221E-01   
 6.361875E-01   
 7.165677E-01   
 7.966271E-01   
 8.763301E-01   
 9.556417E-01   
 1.034527E+00   
 1.112951E+00   
 1.190881E+00   
 1.268282E+00   
 1.345120E+00   
 1.421364E+00   
 1.496981E+00   
 1.571938E+00   
 1.646204E+00   
 1.719748E+00   
 1.792540E+00   
 1.864549E+00   
 1.935747E+00   
 2.006105E+00   
 2.075594E+00   
 2.144186E+00   
 2.211856E+00   
 2.278575E+00   
 2.344320E+00   
 2.409063E+00   
 2.472781E+00   
 2.535450E+00   
 2.597047E+00   
 2.657548E+00   
 2.716933E+00   
 2.775179E+00   
 2.832265E+00   
 2.888173E+00   
 2.942881E+00   
 2.996372E+00   
 3.048627E+00   
 3.099629E+00   
 3.149360E+00   
 3.197804E+00   
 3.244946E+00   
 3.290770E+00   
 3.335261E+00   
 3.378406E+00   
 3.420192E+00   
 3.460605E+00   
 3.499632E+00   
 3.537263E+00   
 3.573486E+00   
 3.608291E+00   
 3.641666E+00   
 3.673604E+00   
 3.704093E+00   
 3.733127E+00   
 3.760695E+00   
 3.786792E+00   
 3.811410E+00   
 3.834541E+00   
 3.856180E+00   
 3.876321E+00   
 3.894958E+00   
 3.912087E+00   
 3.927702E+00   
 3.941801E+00   
 3.954378E+00   
 3.965431E+00   
 3.974958E+00   
 3.982954E+00   
 3.989419E+00   
 3.994351E+00   
 3.997748E+00   
 3.999610E+00   
 3.999936E+00   
 3.998726E+00   
 3.995981E+00   
 3.991700E+00   
 3.985886E+00   
 3.978539E+00   
 3.969662E+00   
 3.959257E+00   
 3.947326E+00   
 3.933873E+00   
 3.918901E+00   
 3.902414E+00   
 3.884417E+00   
 3.864914E+00   
 3.843910E+00   
 3.821412E+00   
 3.797424E+00   
 3.771954E+00   
 3.745010E+00   
 3.716597E+00   
 3.686725E+00   
 3.655401E+00   
 3.622635E+00   
 3.588436E+00   
 3.552814E+00   
 3.515779E+00   
 3.477343E+00   
 3.437516E+00   
 3.396312E+00   
 3.353743E+00   
 3.309821E+00   
 3.264561E+00   
 3.217977E+00   
 3.170084E+00   
 3.120897E+00   
 3.070433E+00   
 3.018708E+00   
 2.965739E+00   
 2.911545E+00   
 2.856145E+00   
 2.799556E+00   
 2.741800E+00   
 2.682896E+00   
 2.622866E+00   
 2.561732E+00   
 2.499515E+00   
 2.436240E+00   
 2.371929E+00   
 2.306606E+00   
 2.240298E+00   
 2.173028E+00   
 2.104824E+00   
 2.035713E+00   
 1.965720E+00   
 1.894876E+00   
 1.823207E+00   
 1.750744E+00   
 1.677515E+00   
 1.603552E+00   
 1.528884E+00   
 1.453544E+00   
 1.377563E+00   
 1.300972E+00   
 1.223806E+00   
 1.146097E+00   
 1.067879E+00   
 9.891847E-01   
 9.100499E-01   
 8.305087E-01   
 7.505963E-01   
 6.703480E-01   
 5.897993E-01   
 5.089861E-01   
 4.279444E-01   
 3.467104E-01   
 2.653207E-01   
 1.838116E-01   
 1.022199E-01   
 2.058215E-02   
-6.106485E-02   
-1.426844E-01   
-2.242397E-01   
-3.056942E-01   
-3.870112E-01   
-4.681544E-01   
-5.490873E-01   
-6.297739E-01   
-7.101781E-01   
-7.902643E-01   
-8.699970E-01   
-9.493410E-01   
-1.028262E+00   
-1.106724E+00   
-1.184694E+00   
-1.262138E+00   
-1.339023E+00   
-1.415315E+00   
-1.490983E+00   
-1.565993E+00   
-1.640316E+00   
-1.713919E+00   
-1.786771E+00   
-1.858844E+00   
-1.930108E+00   
-2.000534E+00   
-2.070093E+00   
-2.138758E+00   
-2.206502E+00   
-2.273298E+00   
-2.339120E+00   
-2.403945E+00   
-2.467745E+00   
-2.530499E+00   
-2.592182E+00   
-2.652771E+00   
-2.712245E+00   
-2.770583E+00   
-2.827762E+00   
-2.883764E+00   
-2.938569E+00   
-2.992158E+00   
-3.044512E+00   
-3.095614E+00   
-3.145446E+00   
-3.193994E+00   
-3.241240E+00   
-3.287169E+00   
-3.331767E+00   
-3.375020E+00   
-3.416914E+00   
-3.457437E+00   
-3.496575E+00   
-3.534318E+00   
-3.570654E+00   
-3.605571E+00   
-3.639061E+00   
-3.671113E+00   
-3.701719E+00   
-3.730868E+00   
-3.758554E+00   
-3.784768E+00   
-3.809504E+00   
-3.832754E+00   
-3.854512E+00   
-3.874772E+00   
-3.893529E+00   
-3.910778E+00   
-3.926515E+00   
-3.940734E+00   
-3.953432E+00   
-3.964607E+00   
-3.974255E+00   
-3.982374E+00   
-3.988961E+00   
-3.994015E+00   
-3.997534E+00   
-3.999518E+00   
-3.999967E+00   
-3.998879E+00   
-3.996256E+00   
-3.992098E+00   
-3.986405E+00   
-3.979181E+00   
-3.970425E+00   
-3.960142E+00   
-3.948332E+00   
-3.935000E+00   
-3.920149E+00   
-3.903783E+00   
-3.885905E+00   
-3.866522E+00   
-3.845638E+00   
-3.823258E+00   
-3.799389E+00   
-3.774037E+00   
-3.747209E+00   
-3.718913E+00   
-3.689157E+00   
-3.657948E+00   
-3.625297E+00   
-3.591211E+00   
-3.555702E+00   
-3.518780E+00   
-3.480455E+00   
-3.440739E+00   
-3.399644E+00   
-3.357182E+00   
-3.313368E+00   
-3.268214E+00   
-3.221735E+00   
-3.173945E+00   
-3.124861E+00   
-3.074498E+00   
-3.022873E+00   
-2.970003E+00   
-2.915906E+00   
-2.860600E+00   
-2.804106E+00   
-2.746442E+00   
-2.687629E+00   
-2.627688E+00   
-2.566640E+00   
-2.504509E+00   
-2.441317E+00   
-2.377087E+00   
-2.311844E+00   
-2.245613E+00   
-2.178420E+00   
-2.110289E+00   
-2.041249E+00   
-1.971326E+00   
-1.900548E+00   
-1.828944E+00   
-1.756543E+00   
-1.683374E+00   
-1.609468E+00   
-1.534855E+00   
-1.459567E+00   
-1.383636E+00   
-1.307093E+00   
-1.229971E+00   
-1.152304E+00   
-1.074125E+00   
-9.954679E-01   
-9.163669E-01   
-8.368569E-01   
-7.569728E-01   
-6.767499E-01   
-5.962238E-01   
-5.154303E-01   
-4.344055E-01   
-3.531855E-01   
-2.718068E-01   
-1.903059E-01   
-1.087194E-01   
-2.708400E-02   
 5.456360E-02   
 1.361867E-01   
 2.177484E-01   
 2.992123E-01   
 3.805416E-01   
 4.617000E-01   
 5.426510E-01   
 6.233585E-01   
 7.037865E-01   
 7.838993E-01   
 8.636615E-01   
 9.430377E-01   
 1.021993E+00   
 1.100493E+00   
 1.178504E+00   
 1.255991E+00   
 1.332922E+00   
 1.409262E+00   
 1.484981E+00   
 1.560045E+00   
 1.634423E+00   
 1.708084E+00   
 1.780998E+00   
 1.853134E+00   
 1.924463E+00   
 1.994957E+00   
 2.064586E+00   
 2.133323E+00   
 2.201141E+00   
 2.268014E+00   
 2.333915E+00   
 2.398820E+00   
 2.462703E+00   
 2.525540E+00   
 2.587309E+00   
 2.647987E+00   
 2.707551E+00   
 2.765979E+00   
 2.823252E+00   
 2.879348E+00   
 2.934249E+00   
 2.987935E+00   
 3.040388E+00   
 3.091591E+00   
 3.141525E+00   
 3.190175E+00   
 3.237526E+00   
 3.283560E+00   
 3.328265E+00   
 3.371626E+00   
 3.413628E+00   
 3.454261E+00   
 3.493510E+00   
 3.531364E+00   
 3.567812E+00   
 3.602843E+00   
 3.636447E+00   
 3.668614E+00   
 3.699335E+00   
 3.728600E+00   
 3.756403E+00   
 3.782735E+00   
 3.807588E+00   
 3.830957E+00   
 3.852834E+00   
 3.873214E+00   
 3.892091E+00   
 3.909460E+00   
 3.925317E+00   
 3.939657E+00   
 3.952477E+00   
 3.963773E+00   
 3.973543E+00   
 3.981783E+00   
 3.988492E+00   
 3.993668E+00   
 3.997310E+00   
 3.999417E+00   
 3.999987E+00   
 3.999022E+00   
 3.996521E+00   
 3.992485E+00   
 3.986915E+00   
 3.979812E+00   
 3.971178E+00   
 3.961016E+00   
 3.949328E+00   
 3.936118E+00   
 3.921387E+00   
 3.905141E+00   
 3.887384E+00   
 3.868121E+00   
 3.847356E+00   
 3.825095E+00   
 3.801344E+00   
 3.776110E+00   
 3.749399E+00   
 3.721220E+00   
 3.691580E+00   
 3.660487E+00   
 3.627950E+00   
 3.593978E+00   
 3.558582E+00   
 3.521771E+00   
 3.483558E+00   
 3.443952E+00   
 3.402966E+00   
 3.360613E+00   
 3.316906E+00   
 3.271858E+00   
 3.225484E+00   
 3.177799E+00   
 3.128817E+00   
 3.078555E+00   
 3.027029E+00   
 2.974258E+00   
 2.920258E+00   
 2.865048E+00   
 2.808648E+00   
 2.751076E+00   
 2.692354E+00   
 2.632502E+00   
 2.571542E+00   
 2.509496E+00   
 2.446387E+00   
 2.382239E+00   
 2.317076E+00   
 2.250923E+00   
 2.183805E+00   
 2.115748E+00   
 2.046779E+00   
 1.976925E+00   
 1.906215E+00   
 1.834675E+00   
 1.762337E+00   
 1.689228E+00   
 1.615380E+00   
 1.540822E+00   
 1.465587E+00   
 1.389705E+00   
 1.313210E+00   
 1.236133E+00   
 1.158508E+00   
 1.080369E+00   
 1.001748E+00   
 9.226814E-01   
 8.432027E-01   
 7.633470E-01   
 6.831498E-01   
 6.026466E-01   
 5.218730E-01   
 4.408653E-01   
 3.596596E-01   
 2.782922E-01   
 1.967997E-01   
 1.152187E-01   
 3.358578E-02   
-4.806220E-02   
-1.296886E-01   
-2.112566E-01   
-2.927296E-01   
-3.740709E-01   
-4.552442E-01   
-5.362131E-01   
-6.169413E-01   
-6.973929E-01   
-7.775321E-01   
-8.573235E-01   
-9.367317E-01   
-1.015722E+00   
-1.094260E+00   
-1.172310E+00   
-1.249841E+00   
-1.326817E+00   
-1.403206E+00   
-1.478975E+00   
-1.554092E+00   
-1.628526E+00   
-1.702246E+00   
-1.775220E+00   
-1.847419E+00   
-1.918814E+00   
-1.989374E+00   
-2.059073E+00   
-2.127883E+00   
-2.195775E+00   
-2.262724E+00   
-2.328703E+00   
-2.393688E+00   
-2.457654E+00   
-2.520575E+00   
-2.582430E+00   
-2.643195E+00   
-2.702849E+00   
-2.761368E+00   
-2.818734E+00   
-2.874925E+00   
-2.929921E+00   
-2.983705E+00   
-3.036257E+00   
-3.087559E+00   
-3.137595E+00   
-3.186349E+00   
-3.233803E+00   
-3.279943E+00   
-3.324754E+00   
-3.368222E+00   
-3.410334E+00   
-3.451075E+00   
-3.490435E+00   
-3.528401E+00   
-3.564961E+00   
-3.600106E+00   
-3.633824E+00   
-3.666105E+00   
-3.696941E+00   
-3.726323E+00   
-3.754243E+00   
-3.780692E+00   
-3.805664E+00   
-3.829151E+00   
-3.851147E+00   
-3.871646E+00   
-3.890643E+00   
-3.908132E+00   
-3.924110E+00   
-3.938571E+00   
-3.951512E+00   
-3.962930E+00   
-3.972821E+00   
-3.981183E+00   
-3.988014E+00   
-3.993312E+00   
-3.997076E+00   
-3.999305E+00   
-3.999998E+00   
-3.999155E+00   
-3.996776E+00   
-3.992863E+00   
-3.987415E+00   
-3.980434E+00   
-3.971922E+00   
-3.961882E+00   
-3.950315E+00   
-3.937225E+00   
-3.922616E+00   
-3.906491E+00   
-3.888854E+00   
-3.869710E+00   
-3.849064E+00   
-3.826922E+00   
-3.803290E+00   
-3.778174E+00   
-3.751580E+00   
-3.723518E+00   
-3.693993E+00   
-3.663016E+00   
-3.630593E+00   
-3.596736E+00   
-3.561452E+00   
-3.524754E+00   
-3.486652E+00   
-3.447157E+00   
-3.406280E+00   
-3.364036E+00   
-3.320436E+00   
-3.275495E+00   
-3.229225E+00   
-3.181644E+00   
-3.132764E+00   
-3.082604E+00   
-3.031178E+00   
-2.978505E+00   
-2.924603E+00   
-2.869489E+00   
-2.813182E+00   
-2.755703E+00   
-2.697072E+00   
-2.637309E+00   
-2.576436E+00   
-2.514476E+00   
-2.451451E+00   
-2.387385E+00   
-2.322302E+00   
-2.256227E+00   
-2.189185E+00   
-2.121202E+00   
-2.052304E+00   
-1.982520E+00   
-1.911876E+00   
-1.840402E+00   
-1.768126E+00   
-1.695077E+00   
-1.621287E+00   
-1.546785E+00   
-1.471602E+00   
-1.395771E+00   
-1.319323E+00   
-1.242292E+00   
-1.164709E+00   
-1.086609E+00   
-1.008026E+00   
-9.289933E-01   
-8.495460E-01   
-7.697191E-01   
-6.895478E-01   
-6.090676E-01   
-5.283143E-01   
-4.473239E-01   
-3.661326E-01   
-2.847768E-01   
-2.032929E-01   
-1.217176E-01   
-4.008746E-02   
 4.156066E-02   
 1.231901E-01   
 2.047641E-01   
 2.862460E-01   
 3.675992E-01   
 4.487872E-01   
 5.297736E-01   
 6.105223E-01   
 6.909973E-01   
 7.711627E-01   
 8.509831E-01   
 9.304231E-01   
 1.009448E+00   
 1.088023E+00   
 1.166114E+00   
 1.243687E+00   
 1.320708E+00   
 1.397145E+00   
 1.472965E+00   
 1.548135E+00   
 1.622625E+00   
 1.696402E+00   
 1.769437E+00   
 1.841699E+00   
 1.913158E+00   
 1.983787E+00   
 2.053555E+00   
 2.122436E+00   
 2.190403E+00   
 2.257428E+00   
 2.323485E+00   
 2.388550E+00   
 2.452598E+00   
 2.515604E+00   
 2.577544E+00   
 2.638397E+00   
 2.698140E+00   
 2.756750E+00   
 2.814209E+00   
 2.870494E+00   
 2.925586E+00   
 2.979467E+00   
 3.032118E+00   
 3.083520E+00   
 3.133658E+00   
 3.182514E+00   
 3.230072E+00   
 3.276317E+00   
 3.321235E+00   
 3.364810E+00   
 3.407030E+00   
 3.447882E+00   
 3.487352E+00   
 3.525429E+00   
 3.562102E+00   
 3.597359E+00   
 3.631191E+00   
 3.663587E+00   
 3.694539E+00   
 3.724037E+00   
 3.752073E+00   
 3.778640E+00   
 3.803729E+00   
 3.827335E+00   
 3.849450E+00   
 3.870068E+00   
 3.889185E+00   
 3.906795E+00   
 3.922893E+00   
 3.937475E+00   
 3.950537E+00   
 3.962076E+00   
 3.972089E+00   
 3.980573E+00   
 3.987526E+00   
 3.992947E+00   
 3.996833E+00   
 3.999184E+00   
 3.999999E+00   
 3.999279E+00   
 3.997022E+00   
 3.993230E+00   
 3.987905E+00   
 3.981046E+00   
 3.972656E+00   
 3.962737E+00   
 3.951292E+00   
 3.938323E+00   
 3.923835E+00   
 3.907830E+00   
 3.890313E+00   
 3.871289E+00   
 3.850763E+00   
 3.828740E+00   
 3.805226E+00   
 3.780228E+00   
 3.753752E+00   
 3.725806E+00   
 3.696398E+00   
 3.665535E+00   
 3.633228E+00   
 3.599484E+00   
 3.564314E+00   
 3.527728E+00   
 3.489737E+00   
 3.450353E+00   
 3.409586E+00   
 3.367450E+00   
 3.323957E+00   
 3.279122E+00   
 3.232958E+00   
 3.185480E+00   
 3.136704E+00   
 3.086645E+00   
 3.035320E+00   
 2.982745E+00   
 2.928940E+00   
 2.873921E+00   
 2.817709E+00   
 2.760323E+00   
 2.701782E+00   
 2.642109E+00   
 2.581324E+00   
 2.519449E+00   
 2.456509E+00   
 2.392525E+00   
 2.327522E+00   
 2.261524E+00   
 2.194558E+00   
 2.126649E+00   
 2.057824E+00   
 1.988109E+00   
 1.917533E+00   
 1.846123E+00   
 1.773910E+00   
 1.700922E+00   
 1.627189E+00   
 1.552743E+00   
 1.477613E+00   
 1.401833E+00   
 1.325433E+00   
 1.248447E+00   
 1.170907E+00   
 1.092847E+00   
 1.014301E+00   
 9.353025E-01   
 8.558870E-01   
 7.760891E-01   
 6.959439E-01   
 6.154870E-01   
 5.347541E-01   
 4.537812E-01   
 3.726046E-01   
 2.912605E-01   
 2.097855E-01   
 1.282161E-01   
 4.658903E-02   
-3.505900E-02   
-1.166913E-01   
-1.982710E-01   
-2.797616E-01   
-3.611264E-01   
-4.423289E-01   
-5.233327E-01   
-6.041016E-01   
-6.845997E-01   
-7.647911E-01   
-8.446402E-01   
-9.241118E-01   
-1.003171E+00   
-1.081783E+00   
-1.159914E+00   
-1.237529E+00   
-1.314596E+00   
-1.391080E+00   
-1.466950E+00   
-1.542174E+00   
-1.616718E+00   
-1.690554E+00   
-1.763649E+00   
-1.835973E+00   
-1.907498E+00   
-1.978194E+00   
-2.048032E+00   
-2.116984E+00   
-2.185025E+00   
-2.252126E+00   
-2.318261E+00   
-2.383406E+00   
-2.447535E+00   
-2.510625E+00   
-2.572651E+00   
-2.633591E+00   
-2.693423E+00   
-2.752125E+00   
-2.809676E+00   
-2.866055E+00   
-2.921243E+00   
-2.975221E+00   
-3.027970E+00   
-3.079473E+00   
-3.129712E+00   
-3.178671E+00   
-3.226333E+00   
-3.272683E+00   
-3.317707E+00   
-3.361390E+00   
-3.403718E+00   
-3.444679E+00   
-3.484260E+00   
-3.522448E+00   
-3.559233E+00   
-3.594604E+00   
-3.628549E+00   
-3.661060E+00   
-3.692127E+00   
-3.721742E+00   
-3.749894E+00   
-3.776578E+00   
-3.801786E+00   
-3.825510E+00   
-3.847743E+00   
-3.868482E+00   
-3.887718E+00   
-3.905448E+00   
-3.921666E+00   
-3.936369E+00   
-3.949553E+00   
-3.961213E+00   
-3.971348E+00   
-3.979954E+00   
-3.987029E+00   
-3.992571E+00   
-3.996580E+00   
-3.999053E+00   
-3.999991E+00   
-3.999392E+00   
-3.997258E+00   
-3.993589E+00   
-3.988385E+00   
-3.981648E+00   
-3.973380E+00   
-3.963583E+00   
-3.952259E+00   
-3.939412E+00   
-3.925044E+00   
-3.909160E+00   
-3.891764E+00   
-3.872859E+00   
-3.852452E+00   
-3.830548E+00   
-3.807153E+00   
-3.782273E+00   
-3.755914E+00   
-3.728085E+00   
-3.698793E+00   
-3.668046E+00   
-3.635853E+00   
-3.602224E+00   
-3.567167E+00   
-3.530693E+00   
-3.492814E+00   
-3.453540E+00   
-3.412883E+00   
-3.370855E+00   
-3.327470E+00   
-3.282741E+00   
-3.236683E+00   
-3.189309E+00   
-3.140635E+00   
-3.090678E+00   
-3.039453E+00   
-2.986977E+00   
-2.933269E+00   
-2.878347E+00   
-2.822229E+00   
-2.764935E+00   
-2.706486E+00   
-2.646902E+00   
-2.586204E+00   
-2.524416E+00   
-2.461559E+00   
