 1.868534E+00   
 1.785412E+00   
 1.701354E+00   
 1.616402E+00   
 1.530603E+00   
 1.444002E+00   
 1.356646E+00   
 1.268583E+00   
 1.179861E+00   
 1.090529E+00   
 1.000636E+00   
 9.102342E-01   
 8.193733E-01   
 7.281049E-01   
 6.364810E-01   
 5.445538E-01   
 4.523759E-01   
 3.600002E-01   
 2.674796E-01   
 1.748673E-01   
 8.221651E-02   
-1.041958E-02   
-1.029879E-01   
-1.954353E-01   
-2.877092E-01   
-3.797570E-01   
-4.715264E-01   
-5.629658E-01   
-6.540239E-01   
-7.446497E-01   
-8.347931E-01   
-9.244045E-01   
-1.013435E+00   
-1.101837E+00   
-1.189562E+00   
-1.276564E+00   
-1.362798E+00   
-1.448218E+00   
-1.532782E+00   
-1.616447E+00   
-1.699170E+00   
-1.780912E+00   
-1.861632E+00   
-1.941294E+00   
-2.019859E+00   
-2.097293E+00   
-2.173560E+00   
-2.248626E+00   
-2.322460E+00   
-2.395031E+00   
-2.466310E+00   
-2.536267E+00   
-2.604876E+00   
-2.672111E+00   
-2.737947E+00   
-2.802361E+00   
-2.865332E+00   
-2.926838E+00   
-2.986860E+00   
-3.045380E+00   
-3.102380E+00   
-3.157844E+00   
-3.211759E+00   
-3.264110E+00   
-3.314886E+00   
-3.364074E+00   
-3.411664E+00   
-3.457648E+00   
-3.502018E+00   
-3.544765E+00   
-3.585885E+00   
-3.625373E+00   
-3.663223E+00   
-3.699433E+00   
-3.734000E+00   
-3.766923E+00   
-3.798201E+00   
-3.827834E+00   
-3.855822E+00   
-3.882169E+00   
-3.906875E+00   
-3.929943E+00   
-3.951378E+00   
-3.971183E+00   
-3.989364E+00   
-4.005924E+00   
-4.020872E+00   
-4.034211E+00   
-4.045950E+00   
-4.056097E+00   
-4.064657E+00   
-4.071641E+00   
-4.077055E+00   
-4.080910E+00   
-4.083214E+00   
-4.083978E+00   
-4.083210E+00   
-4.080921E+00   
-4.077122E+00   
-4.071823E+00   
-4.065035E+00   
-4.056769E+00   
-4.047037E+00   
-4.035850E+00   
-4.023220E+00   
-4.009159E+00   
-3.993679E+00   
-3.976792E+00   
-3.958510E+00   
-3.938846E+00   
-3.917813E+00   
-3.895423E+00   
-3.871689E+00   
-3.846625E+00   
-3.820243E+00   
-3.792556E+00   
-3.763578E+00   
-3.733323E+00   
-3.701803E+00   
-3.669033E+00   
-3.635026E+00   
-3.599795E+00   
-3.563356E+00   
-3.525722E+00   
-3.486906E+00   
-3.446925E+00   
-3.405791E+00   
-3.363519E+00   
-3.320125E+00   
-3.275622E+00   
-3.230027E+00   
-3.183353E+00   
-3.135616E+00   
-3.086833E+00   
-3.037017E+00   
-2.986185E+00   
-2.934353E+00   
-2.881537E+00   
-2.827753E+00   
-2.773018E+00   
-2.717348E+00   
-2.660761E+00   
-2.603273E+00   
-2.544902E+00   
-2.485665E+00   
-2.425580E+00   
-2.364665E+00   
-2.302938E+00   
-2.240418E+00   
-2.177124E+00   
-2.113074E+00   
-2.048288E+00   
-1.982785E+00   
-1.916585E+00   
-1.849708E+00   
-1.782174E+00   
-1.714004E+00   
-1.645218E+00   
-1.575838E+00   
-1.505885E+00   
-1.435380E+00   
-1.364345E+00   
-1.292803E+00   
-1.220775E+00   
-1.148284E+00   
-1.075353E+00   
-1.002005E+00   
-9.282634E-01   
-8.541513E-01   
-7.796927E-01   
-7.049114E-01   
-6.298316E-01   
-5.544777E-01   
-4.788742E-01   
-4.030458E-01   
-3.270175E-01   
-2.508143E-01   
-1.744614E-01   
-9.798425E-02   
-2.140840E-02   
 5.524052E-02   
 1.319367E-01   
 2.086543E-01   
 2.853672E-01   
 3.620494E-01   
 4.386747E-01   
 5.152169E-01   
 5.916496E-01   
 6.679465E-01   
 7.440811E-01   
 8.200271E-01   
 8.957580E-01   
 9.712472E-01   
 1.046468E+00   
 1.121395E+00   
 1.196001E+00   
 1.270260E+00   
 1.344144E+00   
 1.417629E+00   
 1.490688E+00   
 1.563294E+00   
 1.635421E+00   
 1.707044E+00   
 1.778137E+00   
 1.848673E+00   
 1.918627E+00   
 1.987973E+00   
 2.056685E+00   
 2.124740E+00   
 2.192110E+00   
 2.258771E+00   
 2.324699E+00   
 2.389867E+00   
 2.454253E+00   
 2.517830E+00   
 2.580575E+00   
 2.642464E+00   
 2.703473E+00   
 2.763577E+00   
 2.822754E+00   
 2.880980E+00   
 2.938231E+00   
 2.994485E+00   
 3.049719E+00   
 3.103910E+00   
 3.157036E+00   
 3.209075E+00   
 3.260004E+00   
 3.309802E+00   
 3.358448E+00   
 3.405920E+00   
 3.452197E+00   
 3.497259E+00   
 3.541084E+00   
 3.583653E+00   
 3.624946E+00   
 3.664942E+00   
 3.703622E+00   
 3.740968E+00   
 3.776959E+00   
 3.811578E+00   
 3.844806E+00   
 3.876625E+00   
 3.907017E+00   
 3.935964E+00   
 3.963450E+00   
 3.989458E+00   
 4.013971E+00   
 4.036974E+00   
 4.058450E+00   
 4.078384E+00   
 4.096761E+00   
 4.113566E+00   
 4.128786E+00   
 4.142406E+00   
 4.154413E+00   
 4.164795E+00   
 4.173538E+00   
 4.180630E+00   
 4.186061E+00   
 4.189819E+00   
 4.191894E+00   
 4.192275E+00   
 4.190953E+00   
 4.187920E+00   
 4.183166E+00   
 4.176685E+00   
 4.168468E+00   
 4.158510E+00   
 4.146805E+00   
 4.133347E+00   
 4.118132E+00   
 4.101157E+00   
 4.082418E+00   
 4.061912E+00   
 4.039639E+00   
 4.015597E+00   
 3.989788E+00   
 3.962210E+00   
 3.932867E+00   
 3.901761E+00   
 3.868895E+00   
 3.834274E+00   
 3.797904E+00   
 3.759790E+00   
 3.719940E+00   
 3.678362E+00   
 3.635066E+00   
 3.590062E+00   
 3.543362E+00   
 3.494978E+00   
 3.444923E+00   
 3.393213E+00   
 3.339864E+00   
 3.284892E+00   
 3.228317E+00   
 3.170156E+00   
 3.110432E+00   
 3.049165E+00   
 2.986379E+00   
 2.922098E+00   
 2.856348E+00   
 2.789155E+00   
 2.720547E+00   
 2.650553E+00   
 2.579204E+00   
 2.506532E+00   
 2.432568E+00   
 2.357348E+00   
 2.280906E+00   
 2.203279E+00   
 2.124503E+00   
 2.044619E+00   
 1.963666E+00   
 1.881683E+00   
 1.798715E+00   
 1.714802E+00   
 1.629990E+00   
 1.544323E+00   
 1.457847E+00   
 1.370608E+00   
 1.282654E+00   
 1.194033E+00   
 1.104795E+00   
 1.014989E+00   
 9.246642E-01   
 8.338729E-01   
 7.426659E-01   
 6.510952E-01   
 5.592128E-01   
 4.670713E-01   
 3.747235E-01   
 2.822224E-01   
 1.896212E-01   
 9.697297E-02   
 4.330969E-03   
-8.825166E-02   
-1.807219E-01   
-2.730269E-01   
-3.651142E-01   
-4.569315E-01   
-5.484269E-01   
-6.395491E-01   
-7.302471E-01   
-8.204707E-01   
-9.101702E-01   
-9.992964E-01   
-1.087801E+00   
-1.175637E+00   
-1.262758E+00   
-1.349117E+00   
-1.434670E+00   
-1.519373E+00   
-1.603184E+00   
-1.686060E+00   
-1.767960E+00   
-1.848846E+00   
-1.928679E+00   
-2.007422E+00   
-2.085038E+00   
-2.161492E+00   
-2.236752E+00   
-2.310785E+00   
-2.383559E+00   
-2.455045E+00   
-2.525215E+00   
-2.594040E+00   
-2.661495E+00   
-2.727556E+00   
-2.792199E+00   
-2.855401E+00   
-2.917141E+00   
-2.977401E+00   
-3.036161E+00   
-3.093404E+00   
-3.149114E+00   
-3.203277E+00   
-3.255878E+00   
-3.306905E+00   
-3.356346E+00   
-3.404192E+00   
-3.450432E+00   
-3.495059E+00   
-3.538066E+00   
-3.579446E+00   
-3.619193E+00   
-3.657304E+00   
-3.693776E+00   
-3.728604E+00   
-3.761789E+00   
-3.793329E+00   
-3.823224E+00   
-3.851475E+00   
-3.878083E+00   
-3.903050E+00   
-3.926379E+00   
-3.948074E+00   
-3.968138E+00   
-3.986577E+00   
-4.003395E+00   
-4.018599E+00   
-4.032194E+00   
-4.044188E+00   
-4.054587E+00   
-4.063400E+00   
-4.070634E+00   
-4.076298E+00   
-4.080400E+00   
-4.082951E+00   
-4.083959E+00   
-4.083434E+00   
-4.081387E+00   
-4.077828E+00   
-4.072767E+00   
-4.066215E+00   
-4.058184E+00   
-4.048685E+00   
-4.037729E+00   
-4.025328E+00   
-4.011494E+00   
-3.996239E+00   
-3.979575E+00   
-3.961514E+00   
-3.942070E+00   
-3.921254E+00   
-3.899079E+00   
-3.875559E+00   
-3.850705E+00   
-3.824532E+00   
-3.797052E+00   
-3.768279E+00   
-3.738227E+00   
-3.706907E+00   
-3.674335E+00   
-3.640524E+00   
-3.605488E+00   
-3.569240E+00   
-3.531795E+00   
-3.493167E+00   
-3.453370E+00   
-3.412418E+00   
-3.370327E+00   
-3.327111E+00   
-3.282784E+00   
-3.237361E+00   
-3.190858E+00   
-3.143290E+00   
-3.094672E+00   
-3.045019E+00   
-2.994348E+00   
-2.942674E+00   
-2.890014E+00   
-2.836383E+00   
-2.781799E+00   
-2.726277E+00   
-2.669834E+00   
-2.612488E+00   
-2.554257E+00   
-2.495156E+00   
-2.435205E+00   
-2.374421E+00   
-2.312823E+00   
-2.250428E+00   
-2.187256E+00   
-2.123325E+00   
-2.058655E+00   
-1.993265E+00   
-1.927174E+00   
-1.860404E+00   
-1.792973E+00   
-1.724903E+00   
-1.656214E+00   
-1.586927E+00   
-1.517064E+00   
-1.446645E+00   
-1.375693E+00   
-1.304230E+00   
-1.232278E+00   
-1.159859E+00   
-1.086997E+00   
-1.013714E+00   
-9.400333E-01   
-8.659786E-01   
-7.915736E-01   
-7.168420E-01   
-6.418082E-01   
-5.664963E-01   
-4.909309E-01   
-4.151367E-01   
-3.391385E-01   
-2.629615E-01   
-1.866307E-01   
-1.101717E-01   
-3.360984E-02   
 4.302917E-02   
 1.197196E-01   
 1.964355E-01   
 2.731509E-01   
 3.498397E-01   
 4.264759E-01   
 5.030330E-01   
 5.794849E-01   
 6.558052E-01   
 7.319674E-01   
 8.079452E-01   
 8.837121E-01   
 9.592417E-01   
 1.034507E+00   
 1.109483E+00   
 1.184142E+00   
 1.258457E+00   
 1.332403E+00   
 1.405953E+00   
 1.479082E+00   
 1.551762E+00   
 1.623967E+00   
 1.695672E+00   
 1.766851E+00   
 1.837477E+00   
 1.907525E+00   
 1.976970E+00   
 2.045785E+00   
 2.113946E+00   
 2.181427E+00   
 2.248203E+00   
 2.314249E+00   
 2.379540E+00   
 2.444052E+00   
 2.507760E+00   
 2.570639E+00   
 2.632666E+00   
 2.693816E+00   
 2.754066E+00   
 2.813392E+00   
 2.871771E+00   
 2.929179E+00   
 2.985593E+00   
 3.040991E+00   
 3.095350E+00   
 3.148647E+00   
 3.200860E+00   
 3.251968E+00   
 3.301948E+00   
 3.350778E+00   
 3.398439E+00   
 3.444908E+00   
 3.490164E+00   
 3.534188E+00   
 3.576958E+00   
 3.618456E+00   
 3.658660E+00   
 3.697551E+00   
 3.735110E+00   
 3.771318E+00   
 3.806157E+00   
 3.839608E+00   
 3.871652E+00   
 3.902272E+00   
 3.931451E+00   
 3.959171E+00   
 3.985416E+00   
 4.010168E+00   
 4.033412E+00   
 4.055132E+00   
 4.075313E+00   
 4.093939E+00   
 4.110995E+00   
 4.126469E+00   
 4.140344E+00   
 4.152609E+00   
 4.163251E+00   
 4.172255E+00   
 4.179612E+00   
 4.185308E+00   
 4.189333E+00   
 4.191677E+00   
 4.192328E+00   
 4.191278E+00   
 4.188518E+00   
 4.184039E+00   
 4.177833E+00   
 4.169893E+00   
 4.160213E+00   
 4.148786E+00   
 4.135608E+00   
 4.120673E+00   
 4.103978E+00   
 4.085520E+00   
 4.065296E+00   
 4.043305E+00   
 4.019545E+00   
 3.994017E+00   
 3.966721E+00   
 3.937659E+00   
 3.906833E+00   
 3.874247E+00   
 3.839906E+00   
 3.803813E+00   
 3.765976E+00   
 3.726402E+00   
 3.685099E+00   
 3.642076E+00   
 3.597344E+00   
 3.550913E+00   
 3.502796E+00   
 3.453006E+00   
 3.401559E+00   
 3.348470E+00   
 3.293755E+00   
 3.237434E+00   
 3.179524E+00   
 3.120048E+00   
 3.059025E+00   
 2.996479E+00   
 2.932435E+00   
 2.866917E+00   
 2.799952E+00   
 2.731567E+00   
 2.661792E+00   
 2.590657E+00   
 2.518193E+00   
 2.444433E+00   
 2.369411E+00   
 2.293161E+00   
 2.215720E+00   
 2.137125E+00   
 2.057415E+00   
 1.976629E+00   
 1.894808E+00   
 1.811993E+00   
 1.728228E+00   
 1.643556E+00   
 1.558022E+00   
 1.471671E+00   
 1.384551E+00   
 1.296708E+00   
 1.208190E+00   
 1.119047E+00   
 1.029328E+00   
 9.390823E-01   
 8.483620E-01   
 7.572178E-01   
 6.657014E-01   
 5.738652E-01   
 4.817614E-01   
 3.894430E-01   
 2.969627E-01   
 2.043739E-01   
 1.117296E-01   
 1.908303E-02   
-7.351261E-02   
-1.660043E-01   
-2.583392E-01   
-3.504646E-01   
-4.423284E-01   
-5.338785E-01   
-6.250636E-01   
-7.158326E-01   
-8.061351E-01   
-8.959213E-01   
-9.851421E-01   
-1.073749E+00   
-1.161695E+00   
-1.248932E+00   
-1.335416E+00   
-1.421100E+00   
-1.505942E+00   
-1.589897E+00   
-1.672925E+00   
-1.754983E+00   
-1.836034E+00   
-1.916037E+00   
-1.994955E+00   
-2.072753E+00   
-2.149395E+00   
-2.224847E+00   
-2.299077E+00   
-2.372054E+00   
-2.443747E+00   
-2.514128E+00   
-2.583170E+00   
-2.650845E+00   
-2.717129E+00   
-2.781999E+00   
-2.845432E+00   
-2.907407E+00   
-2.967903E+00   
-3.026903E+00   
-3.084389E+00   
-3.140345E+00   
-3.194755E+00   
-3.247605E+00   
-3.298884E+00   
-3.348579E+00   
-3.396679E+00   
-3.443176E+00   
-3.488060E+00   
-3.531325E+00   
-3.572964E+00   
-3.612972E+00   
-3.651344E+00   
-3.688077E+00   
-3.723167E+00   
-3.756614E+00   
-3.788416E+00   
-3.818573E+00   
-3.847085E+00   
-3.873955E+00   
-3.899183E+00   
-3.922773E+00   
-3.944728E+00   
-3.965051E+00   
-3.983749E+00   
-4.000825E+00   
-4.016285E+00   
-4.030136E+00   
-4.042384E+00   
-4.053037E+00   
-4.062102E+00   
-4.069587E+00   
-4.075500E+00   
-4.079851E+00   
-4.082648E+00   
-4.083901E+00   
-4.083620E+00   
-4.081815E+00   
-4.078495E+00   
-4.073673E+00   
-4.067358E+00   
-4.059562E+00   
-4.050296E+00   
-4.039571E+00   
-4.027399E+00   
-4.013793E+00   
-3.998763E+00   
-3.982323E+00   
-3.964484E+00   
-3.945259E+00   
-3.924660E+00   
-3.902701E+00   
-3.879394E+00   
-3.854752E+00   
-3.828789E+00   
-3.801516E+00   
-3.772948E+00   
-3.743098E+00   
-3.711980E+00   
-3.679606E+00   
-3.645991E+00   
-3.611149E+00   
-3.575093E+00   
-3.537838E+00   
-3.499397E+00   
-3.459786E+00   
-3.419017E+00   
-3.377107E+00   
-3.334068E+00   
-3.289917E+00   
-3.244668E+00   
-3.198336E+00   
-3.150936E+00   
-3.102484E+00   
-3.052996E+00   
-3.002486E+00   
-2.950971E+00   
-2.898466E+00   
-2.844989E+00   
-2.790555E+00   
-2.735181E+00   
-2.678884E+00   
-2.621681E+00   
-2.563590E+00   
-2.504626E+00   
-2.444810E+00   
-2.384157E+00   
-2.322687E+00   
-2.260418E+00   
-2.197368E+00   
-2.133557E+00   
-2.069003E+00   
-2.003726E+00   
-1.937746E+00   
-1.871083E+00   
-1.803756E+00   
-1.735786E+00   
-1.667194E+00   
-1.598001E+00   
-1.528228E+00   
-1.457897E+00   
-1.387028E+00   
-1.315645E+00   
-1.243769E+00   
-1.171424E+00   
-1.098630E+00   
-1.025413E+00   
-9.517937E-01   
-8.777970E-01   
-8.034462E-01   
-7.287651E-01   
-6.537777E-01   
-5.785085E-01   
-5.029818E-01   
-4.272224E-01   
-3.512550E-01   
-2.751048E-01   
-1.987968E-01   
-1.223565E-01   
-4.580932E-02   
 3.081912E-02   
 1.075031E-01   
 1.842166E-01   
 2.609339E-01   
 3.376287E-01   
 4.142750E-01   
 4.908465E-01   
 5.673169E-01   
 6.436599E-01   
 7.198491E-01   
 7.958580E-01   
 8.716603E-01   
 9.472294E-01   
 1.022539E+00   
 1.097562E+00   
 1.172273E+00   
 1.246645E+00   
 1.320652E+00   
 1.394267E+00   
 1.467464E+00   
 1.540217E+00   
 1.612500E+00   
 1.684287E+00   
 1.755551E+00   
 1.826267E+00   
 1.896409E+00   
 1.965951E+00   
 2.034869E+00   
 2.103135E+00   
 2.170726E+00   
 2.237616E+00   
 2.303780E+00   
 2.369193E+00   
 2.433831E+00   
 2.497668E+00   
 2.560681E+00   
 2.622845E+00   
 2.684137E+00   
 2.744532E+00   
 2.804006E+00   
 2.862538E+00   
 2.920102E+00   
 2.976676E+00   
 3.032237E+00   
 3.086763E+00   
 3.140231E+00   
 3.192618E+00   
 3.243903E+00   
 3.294064E+00   
 3.343079E+00   
 3.390927E+00   
 3.437587E+00   
 3.483039E+00   
 3.527260E+00   
 3.570231E+00   
 3.611933E+00   
 3.652344E+00   
 3.691445E+00   
 3.729218E+00   
 3.765643E+00   
 3.800701E+00   
 3.834374E+00   
 3.866643E+00   
 3.897492E+00   
 3.926901E+00   
 3.954855E+00   
 3.981335E+00   
 4.006326E+00   
 4.029812E+00   
 4.051776E+00   
 4.072202E+00   
 4.091077E+00   
 4.108384E+00   
 4.124111E+00   
 4.138242E+00   
 4.150764E+00   
 4.161665E+00   
 4.170931E+00   
 4.178551E+00   
 4.184512E+00   
 4.188804E+00   
 4.191416E+00   
 4.192338E+00   
 4.191560E+00   
 4.189072E+00   
 4.184867E+00   
 4.178937E+00   
 4.171274E+00   
 4.161871E+00   
 4.150723E+00   
 4.137824E+00   
 4.123170E+00   
 4.106755E+00   
 4.088578E+00   
 4.068636E+00   
 4.046926E+00   
 4.023447E+00   
 3.998201E+00   
 3.971186E+00   
 3.942405E+00   
 3.911860E+00   
 3.879555E+00   
 3.845492E+00   
 3.809678E+00   
 3.772119E+00   
 3.732821E+00   
 3.691793E+00   
 3.649043E+00   
 3.604582E+00   
 3.558421E+00   
 3.510571E+00   
 3.461047E+00   
 3.409863E+00   
 3.357034E+00   
 3.302578E+00   
 3.246511E+00   
 3.188853E+00   
 3.129624E+00   
 3.068846E+00   
 3.006542E+00   
 2.942734E+00   
 2.877449E+00   
 2.810713E+00   
 2.742552E+00   
 2.672997E+00   
 2.602076E+00   
 2.529822E+00   
 2.456266E+00   
 2.381442E+00   
 2.305385E+00   
 2.228132E+00   
 2.149718E+00   
 2.070183E+00   
 1.989565E+00   
 1.907906E+00   
 1.825247E+00   
 1.741631E+00   
 1.657100E+00   
 1.571700E+00   
 1.485477E+00   
 1.398476E+00   
 1.310745E+00   
 1.222331E+00   
 1.133284E+00   
 1.043653E+00   
 9.534884E-01   
 8.628403E-01   
 7.717601E-01   
 6.802996E-01   
 5.885108E-01   
 4.964461E-01   
 4.041583E-01   
 3.117003E-01   
 2.191252E-01   
 1.264861E-01   
 3.383638E-02   
-5.877092E-02   
-1.512827E-01   
-2.436461E-01   
-3.358084E-01   
-4.277173E-01   
-5.193209E-01   
-6.105675E-01   
-7.014061E-01   
-7.917863E-01   
-8.816580E-01   
-9.709721E-01   
-1.059680E+00   
-1.147734E+00   
-1.235088E+00   
-1.321694E+00   
-1.407509E+00   
-1.492487E+00   
-1.576587E+00   
-1.659765E+00   
-1.741981E+00   
-1.823194E+00   
-1.903367E+00   
-1.982460E+00   
-2.060439E+00   
-2.137267E+00   
-2.212911E+00   
-2.287338E+00   
-2.360517E+00   
-2.432416E+00   
-2.503008E+00   
-2.572265E+00   
-2.640159E+00   
-2.706667E+00   
-2.771763E+00   
-2.835426E+00   
-2.897635E+00   
-2.958368E+00   
